100 4950 5
0	1	2	0.02
1	4	3	0.03
2	27	3	0.02
3	68	10	0.02
4	41	5	0.04
5	91	7	0.01
6	42	3	0.05
7	37	1	0.04
8	33	1	0.03
9	5	2	0.05
10	2	5	0.02
11	65	4	0.01
12	45	4	0.01
13	10	9	0.03
14	44	10	0.03
15	26	2	0.03
16	38	7	0.01
17	83	9	0.05
18	38	10	0.04
19	67	9	0.03
20	41	6	0.05
21	10	8	0.01
22	72	8	0.05
23	64	5	0.07
24	40	4	0.01
25	57	1	0.04
26	12	10	0.03
27	76	5	0.02
28	49	8	0.06
29	63	8	0.01
30	42	8	0.03
31	27	9	0.01
32	74	1	0.03
33	84	4	0.01
34	98	10	0.04
35	11	6	0.05
36	58	5	0.03
37	63	3	0.02
38	42	1	0.02
39	92	10	0.03
40	6	9	0.01
41	48	1	0.02
42	75	10	0.02
43	37	2	0.03
44	93	1	0.01
45	85	8	0.02
46	11	6	0.02
47	85	4	0.02
48	59	6	0.00
49	8	3	0.07
50	16	8	0.02
51	92	9	0.06
52	24	6	0.03
53	21	7	0.04
54	16	2	0.02
55	45	5	0.09
56	71	2	0.03
57	20	10	0.04
58	49	1	0.03
59	53	4	0.01
60	94	1	0.06
61	88	2	0.01
62	86	2	0.05
63	60	9	0.09
64	87	3	0.01
65	5	10	0.03
66	93	5	0.04
67	20	7	0.02
68	82	10	0.00
69	63	6	0.03
70	87	9	0.04
71	85	2	0.01
72	42	10	0.01
73	69	4	0.03
74	80	1	0.02
75	20	10	0.02
76	31	2	0.06
77	99	7	0.01
78	41	5	0.03
79	16	1	0.01
80	97	3	0.01
81	25	5	0.06
82	51	2	0.06
83	87	7	0.04
84	40	8	0.00
85	71	7	0.06
86	30	9	0.05
87	77	4	0.01
88	87	6	0.02
89	51	4	0.05
90	32	6	0.04
91	86	9	0.01
92	44	8	0.01
93	39	4	0.03
94	72	9	0.00
95	90	3	0.02
96	57	3	0.02
97	13	9	0.02
98	18	10	0.02
99	1	1	0.01
84	39	4	0.02
59	0	9	0.03
13	63	3	0.01
26	6	7	0.01
17	75	4	0.03
73	18	8	0.02
29	88	1	0.01
80	95	7	0.05
43	61	6	0.02
32	49	7	0.03
70	99	7	0.00
85	78	7	0.02
9	57	5	0.01
49	56	4	0.02
17	73	4	0.04
49	31	2	0.02
4	9	7	0.02
13	95	6	0.01
67	81	1	0.00
96	95	2	0.01
47	66	9	0.01
45	82	3	0.01
80	13	9	0.01
61	19	8	0.01
14	71	4	0.01
43	33	4	0.02
16	8	9	0.02
68	37	9	0.01
2	56	1	0.02
42	23	10	0.04
39	51	5	0.01
62	41	2	0.03
57	9	4	0.00
85	93	6	0.02
83	11	10	0.02
1	79	9	0.00
81	95	4	0.01
58	23	9	0.02
21	8	10	0.00
77	0	3	0.01
38	78	10	0.00
59	71	4	0.00
70	17	4	0.02
32	41	5	0.01
25	52	2	0.04
37	57	2	0.04
78	5	1	0.00
12	8	8	0.02
92	25	10	0.02
23	51	2	0.00
93	19	8	0.01
21	16	6	0.01
76	46	8	0.02
32	95	6	0.01
73	92	10	0.00
50	51	4	0.02
55	29	6	0.01
27	2	1	0.02
44	78	7	0.03
33	91	3	0.01
73	21	4	0.01
26	50	3	0.05
99	73	5	0.01
76	98	4	0.04
25	35	9	0.01
92	16	1	0.01
99	98	4	0.01
1	68	8	0.03
36	1	10	0.01
67	23	1	0.03
21	49	9	0.02
45	62	5	0.01
54	98	1	0.03
47	28	2	0.01
23	36	6	0.00
61	76	8	0.03
43	26	10	0.02
61	23	8	0.01
30	4	2	0.02
74	91	3	0.01
81	35	6	0.01
80	50	7	0.05
77	59	7	0.02
50	17	5	0.04
87	41	10	0.04
52	64	5	0.00
35	67	9	0.00
54	67	10	0.00
66	9	3	0.01
62	60	5	0.01
59	77	3	0.02
0	78	7	0.04
76	84	9	0.02
6	87	8	0.03
56	8	3	0.04
98	6	2	0.04
51	70	5	0.02
96	15	3	0.03
69	72	10	0.01
39	27	1	0.02
2	0	6	0.01
32	7	7	0.04
32	52	8	0.04
68	18	7	0.02
67	4	2	0.02
90	57	3	0.03
84	38	5	0.03
39	62	3	0.03
57	55	1	0.02
95	80	9	0.02
30	99	2	0.02
0	4	2	0.01
36	71	1	0.03
92	72	10	0.01
74	39	2	0.03
51	27	4	0.02
68	52	1	0.03
73	49	10	0.02
63	26	1	0.02
47	69	6	0.01
56	47	4	0.04
64	7	8	0.00
52	16	6	0.03
47	77	1	0.02
46	0	1	0.03
76	13	7	0.02
73	26	7	0.00
84	53	2	0.03
56	60	8	0.01
50	7	9	0.03
43	57	9	0.00
7	71	9	0.03
20	29	7	0.02
65	58	4	0.04
28	59	8	0.02
14	2	4	0.01
87	42	8	0.01
80	94	9	0.01
27	30	10	0.02
45	27	10	0.02
73	19	3	0.01
58	13	7	0.02
67	28	2	0.02
80	43	3	0.01
43	97	7	0.03
79	25	7	0.03
55	1	5	0.02
60	67	7	0.03
32	83	9	0.03
42	56	3	0.04
83	27	4	0.03
2	43	8	0.03
10	99	8	0.00
98	73	6	0.02
42	25	3	0.03
59	96	7	0.02
85	31	9	0.04
1	11	8	0.03
24	33	3	0.02
99	38	9	0.01
89	57	6	0.01
12	15	9	0.03
67	15	8	0.01
82	74	1	0.03
43	90	1	0.02
11	2	5	0.00
75	86	7	0.02
64	78	6	0.01
60	26	10	0.03
72	85	5	0.04
49	55	10	0.03
87	9	2	0.03
57	84	4	0.00
1	45	5	0.02
2	47	4	0.03
97	17	7	0.03
35	17	10	0.02
98	68	9	0.02
22	37	4	0.03
33	11	4	0.04
87	0	8	0.03
91	74	6	0.01
74	79	7	0.01
84	15	10	0.03
90	61	5	0.03
37	89	9	0.01
43	52	5	0.01
56	18	4	0.00
97	93	5	0.02
86	44	4	0.03
26	70	5	0.02
20	54	10	0.02
65	47	9	0.02
75	40	4	0.04
39	32	3	0.00
22	93	9	0.03
58	59	8	0.01
7	24	10	0.01
56	50	9	0.02
24	80	9	0.02
64	79	7	0.01
66	28	3	0.02
73	78	10	0.02
47	0	8	0.02
39	72	1	0.04
78	64	7	0.02
31	58	4	0.05
3	88	4	0.00
21	61	10	0.01
72	52	4	0.02
85	52	9	0.00
76	54	7	0.04
26	27	2	0.01
40	20	7	0.03
90	0	9	0.03
72	68	8	0.02
79	63	4	0.00
46	91	5	0.02
95	39	5	0.01
53	5	1	0.02
84	43	2	0.04
14	36	4	0.01
42	78	9	0.03
13	45	1	0.04
38	40	5	0.04
7	74	7	0.01
9	16	6	0.03
24	77	4	0.00
23	3	1	0.04
3	12	9	0.02
12	88	3	0.02
55	8	8	0.01
23	9	6	0.04
66	96	3	0.00
47	86	7	0.01
32	66	4	0.04
89	55	7	0.02
60	54	9	0.03
24	15	7	0.01
14	5	8	0.02
83	58	9	0.01
95	38	4	0.00
10	73	9	0.02
73	32	10	0.01
20	77	9	0.00
35	27	9	0.03
47	43	8	0.00
25	56	1	0.01
36	74	10	0.01
98	53	5	0.01
17	25	2	0.02
60	79	8	0.03
63	45	5	0.02
52	13	4	0.04
21	5	7	0.03
51	86	9	0.01
38	25	1	0.05
30	39	5	0.00
41	51	6	0.03
44	14	9	0.02
43	1	5	0.01
14	86	8	0.03
94	13	3	0.02
6	44	3	0.02
46	32	9	0.03
4	71	4	0.02
54	76	7	0.03
54	10	2	0.03
59	94	9	0.03
20	18	7	0.01
8	89	3	0.02
18	22	3	0.00
25	44	7	0.01
69	42	6	0.02
91	85	10	0.02
88	69	4	0.02
4	91	7	0.00
3	25	4	0.03
58	43	10	0.04
55	23	7	0.03
89	40	1	0.00
78	24	4	0.01
46	77	1	0.03
60	63	7	0.00
55	91	4	0.03
84	91	2	0.00
13	34	1	0.01
17	31	3	0.01
11	47	3	0.03
91	80	7	0.03
76	90	8	0.04
56	21	2	0.04
20	11	4	0.01
38	79	8	0.04
35	65	4	0.03
37	66	3	0.01
63	40	8	0.00
29	12	9	0.03
7	87	9	0.02
31	45	2	0.03
92	74	9	0.03
74	64	1	0.01
14	48	9	0.01
34	17	3	0.01
94	87	5	0.02
20	62	10	0.01
11	79	4	0.03
85	28	9	0.00
86	69	7	0.02
44	58	4	0.00
57	3	3	0.03
49	34	9	0.01
37	79	3	0.02
98	45	9	0.02
52	27	9	0.01
64	46	6	0.03
84	25	1	0.03
62	93	1	0.03
57	67	2	0.03
22	94	10	0.01
32	75	10	0.01
17	7	7	0.02
4	30	2	0.03
89	78	1	0.01
50	68	3	0.02
46	98	5	0.03
41	57	8	0.03
95	62	3	0.03
19	58	1	0.00
21	77	1	0.01
28	7	3	0.01
94	16	3	0.01
66	95	8	0.04
98	65	2	0.00
65	93	10	0.04
36	10	3	0.02
1	63	6	0.03
57	62	7	0.00
63	16	4	0.00
20	93	5	0.00
69	9	6	0.02
75	98	10	0.02
74	19	3	0.02
32	96	1	0.01
21	81	10	0.01
18	39	5	0.01
50	70	8	0.03
77	60	4	0.04
8	46	5	0.01
94	22	5	0.02
58	73	4	0.03
88	7	9	0.03
33	70	5	0.04
91	6	5	0.02
54	6	6	0.02
86	45	10	0.02
19	61	7	0.00
54	1	5	0.03
69	14	9	0.04
23	70	5	0.02
63	27	3	0.04
51	63	9	0.03
25	10	5	0.01
48	65	2	0.00
95	10	8	0.01
36	64	7	0.03
86	75	1	0.02
22	84	7	0.03
74	94	1	0.02
98	77	5	0.01
9	12	4	0.03
36	20	4	0.01
80	26	4	0.02
61	50	7	0.02
32	22	1	0.02
86	47	3	0.02
8	60	4	0.03
4	78	2	0.02
61	22	4	0.03
73	80	8	0.02
35	99	2	0.02
57	48	2	0.01
31	2	1	0.02
51	29	3	0.00
11	74	7	0.03
89	12	9	0.04
0	79	6	0.03
72	59	5	0.01
38	2	9	0.02
50	80	10	0.00
20	74	10	0.04
80	1	9	0.01
46	49	3	0.04
35	68	3	0.01
93	97	8	0.00
34	68	9	0.04
93	59	1	0.01
72	66	10	0.01
66	22	5	0.01
78	9	6	0.02
7	97	5	0.03
99	18	4	0.01
21	93	2	0.02
74	83	5	0.02
81	10	8	0.02
49	48	6	0.02
59	8	2	0.02
27	26	7	0.02
49	11	3	0.00
4	81	10	0.02
52	78	2	0.03
77	43	7	0.02
0	76	4	0.03
64	92	7	0.02
53	92	10	0.01
9	54	2	0.02
8	56	9	0.03
12	80	1	0.01
10	75	1	0.01
15	65	6	0.02
19	95	5	0.00
73	67	9	0.02
93	67	5	0.03
54	78	1	0.01
30	63	8	0.01
23	85	3	0.02
94	59	5	0.02
85	4	3	0.03
96	39	6	0.01
82	76	5	0.02
58	27	10	0.03
9	67	1	0.01
29	49	5	0.04
21	36	2	0.03
14	77	4	0.01
6	35	3	0.00
1	57	10	0.00
29	96	6	0.04
79	95	10	0.01
22	2	4	0.01
95	28	5	0.02
5	90	9	0.04
95	22	9	0.01
73	14	9	0.00
1	80	1	0.04
22	90	7	0.01
93	73	4	0.03
81	43	5	0.03
62	57	5	0.01
25	97	1	0.01
85	77	3	0.03
91	63	3	0.03
9	87	5	0.01
12	87	7	0.00
73	98	6	0.02
8	70	9	0.03
61	62	2	0.02
72	43	6	0.02
35	57	5	0.03
45	26	6	0.01
98	51	7	0.02
30	5	3	0.02
9	88	4	0.02
4	18	10	0.01
53	80	9	0.02
28	16	10	0.03
96	73	7	0.01
34	74	10	0.01
26	15	10	0.03
69	95	10	0.03
92	7	1	0.00
90	45	7	0.03
51	41	8	0.02
13	64	5	0.05
81	74	10	0.00
94	23	7	0.01
70	69	10	0.01
50	3	4	0.03
11	27	3	0.04
3	82	4	0.03
17	24	5	0.01
53	79	2	0.02
16	74	10	0.02
49	66	3	0.02
5	31	6	0.01
31	7	6	0.04
9	30	5	0.01
83	13	5	0.03
19	35	8	0.00
23	47	2	0.02
47	70	5	0.01
11	42	5	0.02
74	63	1	0.03
80	70	10	0.02
40	73	10	0.03
72	31	5	0.02
81	16	3	0.00
14	53	4	0.00
8	55	6	0.02
35	66	5	0.03
36	61	10	0.00
49	35	8	0.02
40	59	3	0.00
51	24	5	0.03
45	34	9	0.01
10	22	6	0.03
22	91	1	0.02
83	44	5	0.03
27	97	1	0.03
14	61	2	0.03
27	20	6	0.03
21	96	10	0.01
61	57	6	0.02
69	97	6	0.03
55	0	2	0.04
8	41	3	0.03
59	5	7	0.03
79	12	5	0.02
19	79	5	0.02
2	55	3	0.01
13	49	10	0.01
98	16	7	0.02
82	55	4	0.00
55	84	6	0.02
14	13	2	0.00
42	37	1	0.02
72	44	7	0.03
82	27	9	0.02
52	50	4	0.01
89	66	7	0.01
17	63	7	0.04
37	87	4	0.04
58	44	7	0.05
19	1	4	0.02
84	74	7	0.00
66	60	9	0.03
47	65	1	0.01
63	36	9	0.03
3	91	9	0.02
1	5	6	0.02
56	19	1	0.03
96	42	2	0.03
99	91	6	0.03
21	70	2	0.02
69	48	3	0.03
98	46	9	0.01
96	56	10	0.00
5	65	9	0.02
21	35	2	0.02
72	46	7	0.01
87	24	7	0.01
9	85	1	0.03
24	67	8	0.02
98	60	1	0.02
83	41	10	0.03
72	29	9	0.03
20	55	5	0.03
15	92	1	0.03
27	98	2	0.01
20	21	9	0.00
92	33	7	0.01
94	63	3	0.02
48	73	3	0.03
40	90	10	0.03
90	3	5	0.02
61	93	4	0.03
74	61	4	0.02
89	26	9	0.00
79	29	9	0.01
74	0	6	0.00
81	83	3	0.01
36	84	10	0.01
67	22	4	0.03
76	56	1	0.05
69	10	7	0.04
82	29	7	0.03
58	45	1	0.03
50	86	7	0.04
6	81	10	0.02
23	67	3	0.03
99	90	6	0.01
85	33	2	0.02
47	93	6	0.02
48	45	6	0.02
54	61	6	0.03
71	97	4	0.02
54	65	4	0.02
88	72	6	0.02
13	56	6	0.01
13	52	8	0.00
60	6	1	0.01
62	69	5	0.03
91	16	9	0.03
16	49	10	0.02
18	23	3	0.04
98	24	10	0.02
26	44	10	0.00
77	20	2	0.01
23	79	8	0.04
70	19	6	0.01
40	49	9	0.04
81	64	2	0.02
86	84	5	0.01
89	91	9	0.02
99	4	7	0.00
11	63	6	0.00
77	92	2	0.02
95	33	9	0.03
65	37	4	0.02
44	54	1	0.02
3	75	9	0.03
85	87	7	0.04
78	97	4	0.02
56	89	8	0.02
43	89	9	0.02
13	40	1	0.00
15	72	4	0.00
93	34	6	0.04
0	92	5	0.01
72	21	4	0.02
0	49	5	0.01
38	65	3	0.02
67	7	2	0.02
20	84	5	0.04
47	6	4	0.02
16	65	4	0.02
32	58	9	0.03
12	44	1	0.00
74	6	7	0.03
61	66	9	0.01
74	97	3	0.02
67	56	10	0.00
0	24	6	0.04
98	29	7	0.03
1	60	8	0.02
83	1	5	0.01
61	34	5	0.03
12	57	10	0.01
55	35	8	0.01
80	16	4	0.02
65	42	4	0.04
51	95	1	0.02
34	61	3	0.03
87	80	10	0.05
96	93	8	0.03
6	4	4	0.03
47	46	8	0.04
4	34	4	0.02
58	38	2	0.05
54	82	6	0.03
51	12	9	0.02
72	47	1	0.02
34	12	4	0.00
88	46	10	0.02
82	79	5	0.03
43	50	3	0.01
38	9	1	0.01
84	10	8	0.01
60	35	10	0.03
41	75	8	0.04
94	77	8	0.02
28	92	8	0.04
76	92	5	0.02
58	0	6	0.04
94	80	5	0.03
39	1	10	0.05
45	63	3	0.04
83	37	1	0.01
23	33	3	0.04
43	96	5	0.00
42	55	6	0.01
46	90	7	0.05
87	48	6	0.01
30	74	6	0.01
93	56	9	0.00
22	4	2	0.02
30	8	3	0.01
44	4	1	0.00
34	91	7	0.03
72	15	10	0.00
96	18	7	0.03
76	69	7	0.01
27	59	3	0.03
6	34	3	0.00
12	74	6	0.01
64	85	2	0.03
5	97	2	0.04
59	54	4	0.00
81	99	5	0.01
48	35	4	0.01
25	93	9	0.03
6	52	10	0.03
6	10	7	0.01
4	35	8	0.02
90	88	6	0.02
84	99	1	0.01
64	52	6	0.02
92	99	5	0.03
70	82	5	0.02
27	71	4	0.02
63	30	8	0.02
15	5	6	0.03
83	69	6	0.01
36	14	1	0.03
45	64	1	0.00
16	15	6	0.02
0	12	1	0.02
43	77	8	0.02
71	51	9	0.04
36	38	7	0.00
82	90	5	0.03
50	57	2	0.03
88	97	1	0.04
96	9	5	0.01
4	70	7	0.02
23	20	5	0.04
70	64	5	0.02
88	78	4	0.00
7	9	8	0.02
73	54	10	0.02
23	84	3	0.01
82	72	8	0.03
19	73	5	0.02
29	54	7	0.03
6	69	8	0.04
61	74	6	0.00
5	85	2	0.02
27	81	10	0.03
21	62	2	0.02
95	68	6	0.01
33	53	6	0.03
92	47	7	0.01
43	44	9	0.01
75	41	7	0.00
83	52	9	0.00
25	0	3	0.04
40	26	9	0.00
52	51	8	0.03
38	49	4	0.02
62	25	10	0.01
32	72	1	0.02
18	56	6	0.03
32	44	1	0.04
91	84	9	0.03
85	72	4	0.04
88	36	10	0.00
33	7	8	0.01
67	93	6	0.02
92	42	10	0.03
57	13	8	0.03
12	16	1	0.04
32	80	2	0.01
28	42	2	0.03
96	46	2	0.01
59	69	6	0.01
37	17	8	0.01
30	81	6	0.01
66	40	10	0.03
67	96	1	0.01
15	6	7	0.03
20	86	5	0.00
94	46	2	0.02
41	67	4	0.04
0	32	7	0.05
33	38	8	0.01
71	30	4	0.01
5	59	2	0.01
52	93	7	0.00
60	14	7	0.01
78	62	5	0.01
56	63	6	0.00
80	25	9	0.00
90	85	8	0.04
24	23	10	0.02
85	32	3	0.04
20	58	1	0.04
75	38	9	0.03
64	80	4	0.03
87	50	1	0.03
45	23	9	0.01
42	53	9	0.03
72	18	9	0.00
42	96	10	0.01
54	43	6	0.01
42	40	7	0.03
74	54	9	0.03
18	25	2	0.03
82	7	6	0.01
31	50	10	0.03
43	2	9	0.00
81	77	5	0.03
61	53	1	0.01
28	99	6	0.02
18	74	9	0.02
37	62	8	0.04
77	96	2	0.03
37	47	6	0.04
42	34	6	0.01
9	68	4	0.00
8	10	10	0.00
13	37	8	0.04
75	16	2	0.03
78	67	8	0.03
97	88	10	0.01
45	86	10	0.02
25	80	1	0.00
42	79	2	0.04
46	26	8	0.04
2	61	4	0.04
23	73	3	0.00
60	36	10	0.01
90	96	1	0.03
81	37	3	0.01
13	3	9	0.00
51	73	5	0.01
65	75	10	0.00
68	73	5	0.02
20	32	6	0.04
16	56	6	0.04
4	75	1	0.01
4	67	3	0.03
21	73	10	0.02
90	31	5	0.05
84	16	10	0.03
48	9	6	0.02
2	83	3	0.03
65	64	10	0.00
49	28	5	0.02
92	27	2	0.02
91	61	6	0.03
22	12	5	0.03
97	41	9	0.03
24	61	2	0.04
51	18	10	0.01
93	5	5	0.04
35	43	9	0.03
26	38	8	0.03
84	70	6	0.01
77	40	5	0.04
84	23	2	0.00
23	81	6	0.01
94	5	2	0.02
7	14	10	0.02
6	71	8	0.03
75	45	3	0.01
29	79	6	0.03
34	52	4	0.03
10	74	5	0.02
84	79	8	0.00
55	42	7	0.02
83	32	3	0.04
40	27	6	0.02
68	79	4	0.03
68	8	9	0.03
79	64	7	0.04
60	50	5	0.02
49	78	3	0.01
10	66	6	0.02
61	65	4	0.01
44	11	6	0.01
52	96	10	0.02
19	78	10	0.03
3	85	4	0.01
51	1	10	0.02
79	58	4	0.03
29	19	5	0.02
32	78	3	0.00
15	97	8	0.04
70	0	10	0.03
61	6	7	0.01
75	12	7	0.00
54	60	6	0.02
28	8	7	0.02
9	61	9	0.02
30	56	3	0.03
89	70	4	0.03
78	90	8	0.02
51	9	7	0.02
49	60	10	0.02
44	65	6	0.01
59	28	4	0.00
62	42	8	0.01
8	14	9	0.03
99	57	8	0.01
92	2	6	0.03
60	76	6	0.01
70	9	3	0.03
20	56	4	0.01
38	95	7	0.01
56	78	1	0.03
52	99	3	0.01
6	82	4	0.04
42	92	1	0.02
33	57	8	0.02
2	45	1	0.01
57	63	10	0.01
93	70	6	0.02
33	22	5	0.02
3	34	4	0.02
99	84	5	0.02
60	18	1	0.01
12	18	5	0.02
53	35	3	0.03
21	34	9	0.00
27	62	8	0.03
79	59	4	0.01
42	27	9	0.02
9	98	4	0.03
53	37	6	0.01
69	94	2	0.01
9	7	9	0.03
95	20	1	0.00
57	45	5	0.00
74	9	6	0.03
27	93	2	0.03
96	79	4	0.04
80	86	8	0.03
78	44	3	0.02
28	33	2	0.00
99	52	4	0.01
55	90	2	0.03
26	65	4	0.02
57	35	1	0.02
34	25	8	0.01
83	33	4	0.03
43	40	2	0.00
6	24	9	0.01
9	11	2	0.03
24	11	6	0.03
4	31	6	0.03
65	17	8	0.01
48	7	5	0.03
57	31	2	0.03
93	15	9	0.02
80	74	10	0.01
84	65	1	0.01
21	20	7	0.02
3	48	7	0.02
63	10	2	0.01
66	21	4	0.03
45	25	9	0.01
38	53	10	0.01
87	65	7	0.03
25	88	3	0.00
70	43	5	0.04
15	13	8	0.02
35	38	6	0.01
63	83	6	0.03
30	84	8	0.02
83	74	7	0.01
57	64	9	0.01
30	17	5	0.01
77	23	9	0.03
42	95	4	0.02
89	73	10	0.01
5	84	9	0.04
60	7	10	0.02
80	55	10	0.01
92	69	7	0.02
68	31	6	0.03
65	71	4	0.01
53	9	6	0.02
25	37	8	0.03
40	29	4	0.03
29	72	7	0.02
59	24	3	0.04
13	8	1	0.02
7	1	6	0.03
0	16	5	0.01
39	8	1	0.03
56	22	7	0.04
74	86	10	0.01
77	10	9	0.01
89	65	7	0.01
91	49	6	0.01
85	46	5	0.03
70	10	10	0.03
68	43	2	0.03
18	77	1	0.01
6	78	3	0.03
77	62	3	0.02
99	60	1	0.01
24	69	8	0.01
73	6	3	0.03
35	26	3	0.02
78	84	2	0.00
58	69	1	0.06
89	45	10	0.04
47	26	3	0.03
4	82	5	0.03
41	77	7	0.03
31	69	9	0.05
26	43	6	0.03
96	34	7	0.04
26	98	4	0.02
90	34	6	0.03
25	50	5	0.04
74	82	9	0.03
37	33	10	0.01
57	7	2	0.02
26	5	2	0.02
13	66	2	0.04
89	10	7	0.03
83	61	9	0.01
42	64	4	0.03
76	29	6	0.01
39	3	2	0.01
94	31	4	0.03
70	32	1	0.03
60	85	3	0.02
12	6	3	0.01
61	1	2	0.01
66	69	10	0.04
1	72	8	0.02
75	85	2	0.04
7	61	7	0.03
31	48	7	0.01
38	97	7	0.01
85	20	4	0.02
28	17	8	0.01
52	7	1	0.02
47	41	4	0.02
93	76	6	0.01
68	5	6	0.00
68	60	5	0.04
71	65	3	0.01
34	58	2	0.01
73	38	7	0.02
54	28	9	0.03
86	56	2	0.02
36	97	5	0.02
99	89	5	0.00
59	43	7	0.04
93	43	2	0.04
28	5	5	0.03
81	17	9	0.02
32	20	2	0.03
11	5	9	0.02
70	20	6	0.02
75	49	1	0.04
28	78	3	0.02
31	64	2	0.05
9	79	6	0.02
56	4	1	0.04
67	66	2	0.03
27	94	10	0.02
76	24	10	0.03
49	47	5	0.03
13	58	6	0.02
39	4	6	0.03
15	56	6	0.02
78	3	1	0.01
97	42	5	0.04
95	57	8	0.01
74	25	6	0.00
95	58	8	0.03
91	98	1	0.02
66	52	8	0.01
92	79	7	0.01
36	9	10	0.04
21	59	3	0.00
38	56	2	0.03
93	6	8	0.02
64	29	10	0.01
17	98	4	0.01
98	58	1	0.02
68	69	9	0.03
79	80	1	0.04
28	45	9	0.00
25	33	10	0.00
48	36	1	0.02
64	14	7	0.03
0	54	10	0.03
72	11	5	0.02
75	37	1	0.02
93	83	4	0.01
93	51	1	0.03
3	80	6	0.02
50	26	5	0.00
50	97	10	0.04
70	61	5	0.01
88	3	1	0.02
12	30	6	0.01
39	53	3	0.01
98	20	4	0.02
9	64	7	0.01
33	86	8	0.03
28	6	10	0.02
53	8	6	0.01
76	30	6	0.00
77	21	1	0.04
81	69	6	0.02
65	8	3	0.01
93	99	10	0.03
41	11	3	0.01
68	20	10	0.01
58	88	7	0.03
91	28	4	0.02
51	44	1	0.03
7	29	5	0.00
87	35	10	0.04
49	65	9	0.03
44	45	2	0.02
24	53	6	0.02
85	83	1	0.01
34	36	9	0.00
72	27	4	0.01
9	97	5	0.01
95	70	10	0.02
98	8	3	0.02
47	76	8	0.01
19	42	6	0.01
44	86	1	0.03
60	2	3	0.01
50	54	6	0.00
40	67	3	0.02
6	7	2	0.01
78	32	3	0.01
44	88	2	0.01
97	30	9	0.02
65	88	7	0.02
61	3	2	0.01
87	69	1	0.02
28	55	5	0.01
36	25	5	0.02
2	33	7	0.01
26	1	1	0.04
2	64	6	0.03
4	0	4	0.03
47	45	10	0.04
11	59	8	0.00
54	8	3	0.01
38	1	3	0.01
75	43	4	0.03
38	35	3	0.04
85	3	6	0.04
40	75	9	0.02
49	40	8	0.00
91	13	4	0.03
34	64	8	0.02
73	50	7	0.03
5	95	7	0.03
32	31	5	0.04
5	7	4	0.04
77	54	7	0.03
68	83	8	0.02
15	61	8	0.01
73	75	8	0.00
5	14	3	0.02
48	33	8	0.02
99	88	6	0.01
42	6	10	0.02
37	77	7	0.01
40	51	3	0.02
16	97	3	0.02
0	68	5	0.00
5	41	1	0.02
79	96	3	0.01
25	1	5	0.03
1	94	10	0.03
86	43	5	0.03
59	61	6	0.02
97	28	4	0.01
94	38	6	0.03
22	61	9	0.02
87	76	5	0.04
30	75	1	0.02
35	58	7	0.02
69	75	5	0.03
7	90	4	0.00
58	71	5	0.01
12	47	6	0.04
64	26	4	0.01
25	67	5	0.00
37	61	3	0.03
54	47	1	0.00
99	33	4	0.01
62	70	8	0.02
52	12	10	0.01
55	65	7	0.01
22	21	2	0.02
86	34	6	0.00
10	1	3	0.01
71	74	1	0.01
73	46	8	0.00
1	20	8	0.03
22	89	4	0.03
39	80	2	0.03
28	91	2	0.03
99	22	10	0.01
18	49	9	0.00
10	45	8	0.01
50	47	3	0.00
53	12	6	0.00
10	3	5	0.01
66	92	3	0.04
58	51	6	0.02
49	20	2	0.01
61	17	2	0.03
45	99	7	0.02
49	29	10	0.01
59	35	10	0.04
74	12	2	0.03
73	12	8	0.01
18	26	7	0.03
54	66	1	0.01
43	68	2	0.02
14	26	3	0.02
7	36	4	0.01
4	20	7	0.02
39	95	3	0.02
96	48	4	0.01
79	45	3	0.05
73	25	2	0.03
21	57	2	0.03
24	14	1	0.03
38	7	9	0.04
36	85	8	0.01
94	96	2	0.03
70	15	5	0.03
13	47	1	0.01
11	38	5	0.00
60	78	5	0.03
67	8	7	0.01
12	77	2	0.00
18	97	7	0.01
90	65	4	0.00
20	80	3	0.03
30	3	10	0.01
16	99	4	0.01
89	20	5	0.01
67	3	2	0.01
28	61	1	0.01
56	3	7	0.02
54	21	5	0.02
96	77	5	0.04
74	37	8	0.02
30	29	3	0.02
58	90	4	0.06
61	52	3	0.02
94	40	5	0.00
58	42	9	0.04
13	75	2	0.04
19	51	9	0.00
92	32	8	0.01
66	51	1	0.01
18	55	10	0.01
33	43	5	0.03
31	51	4	0.02
49	63	4	0.02
41	98	8	0.03
31	91	7	0.05
98	72	6	0.03
58	72	1	0.05
51	68	1	0.03
60	39	9	0.03
29	62	4	0.03
38	4	7	0.01
18	17	7	0.00
77	19	4	0.01
64	96	1	0.01
45	4	6	0.01
36	70	10	0.04
49	79	4	0.00
48	42	10	0.04
67	38	5	0.04
0	80	5	0.00
62	37	5	0.02
70	18	4	0.00
22	3	4	0.01
72	45	8	0.01
74	67	6	0.02
17	30	10	0.02
0	33	4	0.03
86	10	7	0.02
34	88	1	0.03
13	78	2	0.01
23	42	8	0.01
27	15	7	0.01
94	58	10	0.03
21	31	8	0.00
45	81	5	0.02
36	47	9	0.01
18	19	1	0.03
11	8	3	0.03
23	11	9	0.01
19	69	4	0.00
9	49	6	0.00
92	94	10	0.03
45	83	9	0.04
55	41	4	0.02
20	6	8	0.02
53	40	7	0.00
45	79	9	0.03
6	17	9	0.01
2	23	6	0.04
93	24	8	0.04
38	12	4	0.01
50	79	7	0.03
80	2	10	0.01
45	37	8	0.00
57	69	7	0.04
58	93	6	0.03
85	35	10	0.03
62	34	1	0.02
77	48	2	0.01
69	82	10	0.00
99	10	8	0.02
29	80	10	0.02
10	51	7	0.03
29	71	6	0.03
7	41	7	0.02
4	56	4	0.02
41	93	8	0.04
44	98	9	0.03
19	90	10	0.00
22	9	1	0.00
79	38	10	0.00
28	18	5	0.02
69	13	5	0.02
72	10	2	0.00
21	53	9	0.00
66	61	4	0.03
25	45	1	0.03
18	0	5	0.03
75	26	8	0.05
97	1	6	0.02
14	40	5	0.03
98	36	8	0.03
53	20	6	0.00
77	42	1	0.04
2	3	1	0.01
34	80	8	0.01
96	55	9	0.03
84	34	3	0.02
63	44	8	0.03
87	18	2	0.02
46	20	6	0.02
87	58	5	0.01
30	50	9	0.03
44	77	3	0.04
53	18	10	0.04
4	49	4	0.01
91	39	1	0.03
45	9	8	0.04
47	52	8	0.02
17	15	4	0.02
89	28	1	0.02
73	36	7	0.01
3	13	8	0.01
31	67	10	0.05
36	8	4	0.01
3	36	3	0.01
22	45	1	0.02
18	30	3	0.00
14	65	7	0.03
77	67	8	0.04
42	11	3	0.00
34	7	2	0.03
94	66	10	0.02
93	90	9	0.03
16	50	8	0.02
41	19	10	0.04
87	97	5	0.01
11	71	7	0.04
64	99	10	0.02
3	17	5	0.03
13	59	10	0.00
45	92	2	0.01
66	73	2	0.01
50	66	8	0.04
56	83	6	0.00
75	55	7	0.02
63	87	7	0.01
24	59	6	0.03
71	33	2	0.01
32	35	1	0.02
81	91	3	0.03
33	61	9	0.03
85	96	3	0.03
86	4	6	0.02
10	6	8	0.03
45	3	10	0.01
58	4	6	0.00
98	9	9	0.02
19	30	9	0.03
80	61	8	0.01
71	87	4	0.03
24	83	4	0.02
29	64	1	0.02
57	17	8	0.03
87	72	1	0.00
83	66	6	0.01
40	42	1	0.01
72	81	10	0.02
95	96	2	0.01
94	4	4	0.02
94	6	4	0.03
62	13	2	0.02
72	91	1	0.04
4	76	10	0.03
65	99	4	0.02
43	0	8	0.01
68	32	1	0.03
79	31	7	0.03
74	92	8	0.03
85	9	6	0.01
58	26	5	0.01
74	45	6	0.02
98	23	1	0.01
25	61	2	0.04
40	87	7	0.02
75	47	7	0.02
3	8	5	0.03
60	4	6	0.02
95	78	9	0.01
12	71	3	0.01
35	31	8	0.00
98	75	2	0.02
44	22	5	0.03
45	76	3	0.02
49	52	5	0.03
33	83	9	0.01
72	9	10	0.02
40	52	9	0.02
94	85	1	0.03
40	16	6	0.03
54	83	3	0.01
23	30	5	0.01
17	88	3	0.04
89	87	9	0.02
99	11	10	0.04
66	30	4	0.02
22	44	10	0.01
63	86	10	0.01
59	27	1	0.01
71	5	4	0.02
67	10	4	0.01
37	55	8	0.02
52	36	1	0.01
26	77	3	0.02
63	22	2	0.03
34	69	7	0.03
51	30	3	0.02
64	24	6	0.02
95	94	2	0.02
26	29	10	0.01
83	19	6	0.01
43	35	8	0.03
77	95	1	0.01
87	55	8	0.01
33	17	4	0.02
77	47	4	0.01
14	3	10	0.01
92	9	2	0.03
71	39	6	0.02
76	78	5	0.01
15	0	8	0.03
94	93	5	0.01
53	52	5	0.03
82	11	9	0.01
0	36	8	0.01
43	71	4	0.02
99	30	7	0.02
33	93	2	0.02
44	48	4	0.00
12	11	5	0.03
30	59	6	0.01
4	68	3	0.01
18	28	8	0.00
1	81	4	0.04
75	2	9	0.03
68	62	9	0.03
77	3	2	0.01
76	66	6	0.02
1	39	1	0.03
76	17	3	0.04
86	97	6	0.02
41	69	5	0.03
99	27	5	0.01
78	53	7	0.00
37	1	9	0.02
42	2	9	0.01
22	10	10	0.00
27	85	4	0.03
54	51	7	0.03
50	38	7	0.02
57	73	7	0.04
93	31	8	0.01
24	57	7	0.03
38	17	1	0.00
0	47	1	0.02
89	7	3	0.04
0	43	6	0.03
34	19	3	0.00
28	40	5	0.03
59	3	7	0.03
41	3	2	0.03
14	58	4	0.03
25	9	10	0.01
54	14	3	0.02
4	95	5	0.03
44	82	1	0.00
84	9	6	0.02
31	34	6	0.01
64	84	10	0.02
51	0	5	0.01
66	19	9	0.00
69	67	5	0.02
27	44	7	0.01
53	6	5	0.00
14	60	10	0.00
12	24	2	0.03
21	4	7	0.01
72	37	7	0.03
83	50	4	0.03
32	14	4	0.00
85	49	4	0.02
94	99	9	0.00
64	2	7	0.01
10	50	10	0.03
4	10	8	0.01
93	28	4	0.02
1	9	5	0.02
54	49	8	0.00
77	64	9	0.02
68	59	1	0.02
70	63	5	0.01
20	59	10	0.02
80	35	9	0.04
7	60	2	0.01
77	32	2	0.01
86	31	7	0.01
80	36	7	0.04
11	88	6	0.04
52	20	6	0.00
17	49	1	0.02
70	75	8	0.01
28	30	7	0.04
91	95	3	0.01
76	89	2	0.02
16	25	8	0.02
90	82	3	0.00
38	85	6	0.00
6	37	7	0.03
46	55	10	0.01
39	76	5	0.01
91	56	2	0.02
36	56	8	0.00
44	28	5	0.02
49	95	2	0.02
21	91	9	0.02
78	26	2	0.02
59	39	2	0.02
75	23	3	0.03
35	69	7	0.02
67	79	8	0.02
99	54	8	0.04
62	1	7	0.02
3	9	8	0.01
19	26	3	0.00
16	1	7	0.03
63	3	4	0.00
2	84	9	0.02
9	71	2	0.00
95	46	5	0.03
2	74	1	0.00
74	55	4	0.02
67	68	1	0.03
44	94	1	0.01
58	56	10	0.03
99	37	6	0.03
84	60	5	0.01
25	5	8	0.01
77	82	6	0.02
39	34	3	0.04
17	99	10	0.02
8	68	1	0.03
49	57	7	0.01
61	58	1	0.03
19	41	2	0.03
8	24	2	0.00
26	24	6	0.04
11	64	7	0.01
32	1	6	0.00
78	83	10	0.02
74	10	9	0.03
57	70	7	0.03
4	22	6	0.04
41	46	1	0.02
91	7	4	0.02
61	84	8	0.03
92	34	6	0.01
97	37	2	0.03
35	10	8	0.01
30	97	3	0.01
11	70	9	0.04
39	56	8	0.03
10	85	6	0.03
5	79	5	0.03
97	23	9	0.03
95	48	5	0.03
78	48	1	0.00
81	32	9	0.02
0	38	6	0.04
29	60	4	0.01
30	21	7	0.02
24	18	10	0.04
58	12	1	0.01
84	61	9	0.01
66	24	4	0.04
2	4	9	0.00
3	72	3	0.01
19	43	2	0.04
93	27	8	0.03
11	36	2	0.01
79	93	5	0.02
20	16	1	0.01
12	59	7	0.00
35	52	1	0.03
19	85	8	0.04
35	54	8	0.03
83	5	8	0.04
76	5	8	0.01
4	12	7	0.01
67	52	10	0.02
99	9	4	0.02
23	22	1	0.03
82	35	10	0.01
91	73	9	0.03
83	21	1	0.01
15	11	1	0.02
89	52	9	0.01
36	44	7	0.01
70	68	10	0.03
75	8	3	0.03
78	63	3	0.03
32	39	9	0.04
1	84	2	0.03
72	90	3	0.01
73	11	5	0.01
78	0	8	0.02
34	45	6	0.03
79	7	7	0.03
50	72	4	0.02
2	62	10	0.03
97	57	9	0.03
50	36	9	0.02
10	79	6	0.03
10	81	6	0.01
31	98	10	0.01
54	69	5	0.03
66	5	9	0.00
89	85	2	0.01
82	81	4	0.03
29	22	4	0.02
46	48	4	0.01
44	66	6	0.04
61	82	1	0.01
37	83	6	0.04
23	62	2	0.01
91	12	4	0.02
3	29	4	0.03
54	31	6	0.03
54	22	7	0.02
53	39	2	0.01
7	28	6	0.03
27	78	6	0.03
52	98	2	0.02
23	21	9	0.04
49	77	4	0.00
92	37	9	0.03
3	90	1	0.01
30	34	5	0.02
12	54	8	0.03
41	82	8	0.02
40	7	4	0.02
16	36	3	0.03
14	20	1	0.03
86	90	8	0.02
57	89	7	0.01
72	22	8	0.01
22	25	10	0.00
30	52	3	0.02
35	14	2	0.02
38	37	9	0.02
9	90	6	0.01
67	25	10	0.04
11	85	4	0.01
56	1	5	0.00
39	48	5	0.02
89	81	10	0.02
46	56	9	0.01
97	29	6	0.01
40	81	3	0.03
44	83	5	0.02
41	39	8	0.01
91	70	3	0.01
69	40	2	0.01
11	80	5	0.01
64	3	7	0.01
3	56	2	0.02
3	15	5	0.02
8	63	9	0.04
40	92	5	0.01
32	91	8	0.04
32	50	1	0.03
33	4	6	0.03
74	90	6	0.03
84	27	1	0.03
70	49	8	0.02
99	86	9	0.01
8	76	7	0.00
71	26	8	0.01
30	92	4	0.00
18	99	1	0.03
89	24	2	0.01
0	39	4	0.01
46	88	9	0.00
35	55	4	0.01
49	43	3	0.02
29	20	5	0.03
1	14	3	0.01
60	84	1	0.02
30	57	3	0.02
6	62	3	0.04
79	11	4	0.02
38	48	2	0.01
89	39	9	0.02
81	60	10	0.03
87	67	5	0.02
79	4	5	0.01
33	94	4	0.02
12	84	9	0.00
27	45	3	0.00
37	46	6	0.04
67	62	3	0.01
2	87	7	0.00
37	93	4	0.04
24	41	1	0.02
88	17	5	0.03
15	9	10	0.04
89	47	3	0.01
57	19	3	0.03
70	59	6	0.01
10	62	3	0.02
62	97	8	0.01
13	92	7	0.02
56	33	5	0.01
33	8	10	0.01
80	58	5	0.01
37	70	6	0.02
27	51	5	0.01
54	55	1	0.03
48	58	9	0.05
8	85	6	0.02
20	12	8	0.00
39	89	7	0.01
86	24	1	0.03
15	86	2	0.01
80	87	8	0.01
30	37	2	0.01
53	89	4	0.02
1	44	4	0.02
1	67	8	0.03
18	63	2	0.03
16	20	7	0.00
21	40	3	0.00
67	5	3	0.03
90	35	1	0.01
77	87	5	0.02
42	16	7	0.00
58	83	4	0.06
11	29	8	0.04
70	40	7	0.01
13	97	3	0.05
57	8	4	0.04
60	99	6	0.03
11	0	10	0.03
97	95	7	0.03
7	82	3	0.01
49	16	6	0.03
89	58	6	0.02
61	83	2	0.02
43	16	8	0.01
90	41	9	0.01
59	52	9	0.00
35	21	1	0.02
62	89	1	0.03
69	1	7	0.03
7	32	7	0.03
25	68	9	0.00
35	90	4	0.02
10	70	4	0.01
74	99	3	0.00
23	96	3	0.03
60	27	7	0.01
4	43	8	0.00
15	91	9	0.01
90	92	10	0.02
39	90	1	0.03
63	74	7	0.03
4	69	1	0.02
30	53	8	0.01
89	48	3	0.01
3	69	3	0.02
15	58	9	0.01
97	78	2	0.04
88	65	9	0.01
13	60	1	0.01
67	30	5	0.03
20	2	1	0.03
15	3	5	0.01
30	87	8	0.01
48	2	5	0.06
84	11	8	0.03
61	89	10	0.01
3	30	3	0.04
87	95	7	0.00
83	0	9	0.03
37	12	9	0.02
97	34	3	0.02
16	86	5	0.02
37	95	1	0.00
69	74	1	0.04
52	28	8	0.03
3	79	2	0.01
15	22	7	0.04
31	11	10	0.02
22	60	1	0.01
63	57	4	0.00
83	80	2	0.04
30	38	7	0.01
21	9	1	0.02
12	39	5	0.02
92	49	10	0.00
78	96	10	0.03
97	99	3	0.03
28	87	8	0.04
47	84	8	0.03
94	14	3	0.03
61	79	2	0.01
1	3	7	0.02
17	57	3	0.02
41	45	5	0.03
64	5	8	0.00
55	51	4	0.04
42	1	5	0.03
95	11	2	0.03
38	34	7	0.01
8	61	10	0.04
39	69	6	0.02
49	46	2	0.02
97	11	5	0.01
42	36	8	0.02
92	58	2	0.03
88	20	7	0.00
33	78	10	0.00
57	59	2	0.04
91	27	1	0.00
93	61	10	0.03
16	76	3	0.01
0	77	1	0.03
55	40	1	0.01
18	92	7	0.01
69	2	10	0.02
45	39	10	0.02
39	59	9	0.03
1	6	6	0.01
67	91	1	0.01
45	13	3	0.04
47	33	4	0.03
20	73	9	0.01
22	70	10	0.00
45	5	9	0.04
44	43	3	0.02
3	10	8	0.03
46	86	1	0.00
26	69	5	0.05
89	84	10	0.01
8	18	2	0.03
60	47	3	0.00
25	17	6	0.03
46	5	6	0.02
73	95	9	0.02
48	92	10	0.05
74	27	8	0.03
54	40	10	0.02
76	0	1	0.01
26	86	6	0.03
89	36	10	0.02
82	34	8	0.01
1	92	10	0.02
98	88	3	0.02
80	90	1	0.03
76	74	4	0.01
8	31	3	0.04
59	85	5	0.02
85	42	3	0.03
3	7	4	0.02
96	21	3	0.01
95	32	10	0.02
87	63	5	0.01
75	63	8	0.02
63	12	9	0.02
30	82	1	0.02
34	0	8	0.03
13	94	4	0.02
15	23	8	0.03
20	70	10	0.03
40	82	3	0.01
42	62	4	0.04
66	14	6	0.01
14	74	1	0.01
44	3	6	0.03
35	86	4	0.02
54	5	5	0.01
55	77	9	0.01
63	92	1	0.03
60	0	9	0.03
90	55	4	0.03
55	48	4	0.03
86	62	4	0.02
25	7	4	0.00
13	76	6	0.01
94	41	1	0.03
12	19	8	0.01
27	74	7	0.00
88	86	8	0.00
33	69	9	0.03
98	84	9	0.02
15	39	8	0.01
83	85	3	0.01
90	97	1	0.04
1	86	8	0.04
70	8	8	0.01
74	46	7	0.01
17	92	10	0.04
62	44	2	0.03
8	21	3	0.03
5	66	2	0.02
59	55	9	0.03
60	43	4	0.00
18	88	7	0.01
44	87	9	0.01
44	99	9	0.01
68	34	5	0.03
30	12	1	0.03
31	33	5	0.02
15	73	8	0.01
23	53	10	0.01
88	4	10	0.00
11	10	3	0.00
60	33	5	0.02
78	29	4	0.03
8	62	4	0.01
68	7	3	0.02
99	96	7	0.02
82	61	9	0.01
27	12	1	0.03
55	89	2	0.03
62	84	8	0.04
61	35	6	0.02
30	49	1	0.00
71	53	2	0.01
72	58	9	0.01
71	28	7	0.02
83	38	3	0.03
31	72	10	0.04
74	36	3	0.01
95	4	1	0.03
48	25	4	0.00
18	45	4	0.01
7	20	9	0.01
52	37	1	0.01
7	70	2	0.01
37	76	2	0.03
23	14	6	0.04
37	90	10	0.03
30	14	8	0.01
85	95	2	0.03
15	98	4	0.03
41	44	10	0.02
26	10	3	0.00
95	71	5	0.00
70	97	2	0.04
94	39	10	0.04
3	86	2	0.03
16	71	1	0.04
81	21	1	0.01
30	78	2	0.03
87	53	10	0.02
86	17	3	0.01
10	12	10	0.03
78	13	4	0.04
87	94	5	0.02
56	34	7	0.02
49	19	2	0.00
47	22	9	0.02
70	78	7	0.04
9	80	10	0.03
8	3	1	0.01
95	27	5	0.00
99	24	2	0.02
91	55	4	0.03
49	33	9	0.01
18	3	9	0.03
78	22	3	0.02
17	22	10	0.00
12	10	8	0.03
74	88	5	0.03
60	82	1	0.03
17	27	5	0.02
17	12	3	0.01
25	8	6	0.02
14	51	3	0.01
48	51	4	0.01
2	6	4	0.03
19	57	1	0.04
82	10	1	0.03
3	24	7	0.03
26	93	10	0.00
30	44	3	0.02
26	13	1	0.01
94	17	4	0.04
83	82	9	0.04
76	83	10	0.02
67	51	4	0.03
0	17	6	0.02
93	12	6	0.02
27	82	6	0.01
12	66	9	0.02
95	18	3	0.03
57	53	3	0.01
16	66	6	0.01
9	15	8	0.03
83	92	1	0.01
62	43	6	0.03
92	39	1	0.02
28	73	9	0.02
50	98	1	0.03
65	80	10	0.02
95	87	5	0.00
32	36	1	0.03
85	21	7	0.02
31	49	6	0.00
2	20	10	0.02
60	25	5	0.01
21	43	4	0.01
36	45	9	0.02
68	65	9	0.01
67	24	10	0.02
74	60	6	0.03
62	9	5	0.00
60	89	6	0.00
3	47	1	0.02
29	65	1	0.03
43	6	4	0.03
56	53	2	0.01
22	68	8	0.01
61	70	6	0.01
52	81	6	0.02
60	11	2	0.00
36	31	9	0.02
58	52	7	0.03
29	68	10	0.02
66	45	1	0.02
14	99	6	0.03
45	49	6	0.02
85	68	8	0.01
8	16	2	0.00
17	78	3	0.00
52	17	7	0.00
7	10	1	0.03
64	90	7	0.02
94	78	9	0.02
40	47	8	0.00
8	48	10	0.03
6	21	7	0.03
89	1	7	0.02
57	5	1	0.01
34	96	5	0.03
77	72	3	0.01
97	0	4	0.03
94	29	5	0.03
83	79	2	0.03
3	63	4	0.00
12	91	1	0.03
38	39	2	0.04
63	82	3	0.02
81	58	5	0.03
55	60	5	0.01
64	47	3	0.02
90	33	4	0.02
95	73	3	0.00
82	13	9	0.02
81	89	6	0.01
16	24	10	0.03
24	3	8	0.01
56	35	2	0.03
90	63	4	0.00
28	29	2	0.02
69	41	10	0.02
78	77	1	0.00
44	89	3	0.04
11	77	9	0.02
93	75	1	0.01
68	16	4	0.02
34	67	5	0.03
93	47	1	0.02
64	59	8	0.02
49	15	1	0.03
84	90	5	0.03
86	1	1	0.01
71	23	4	0.03
38	86	6	0.01
93	98	7	0.03
19	45	2	0.02
67	76	10	0.00
66	13	9	0.03
24	60	6	0.04
52	80	3	0.03
62	87	4	0.02
70	66	2	0.03
24	52	8	0.01
54	52	3	0.01
10	95	1	0.01
96	71	2	0.02
91	19	4	0.01
92	96	2	0.02
3	76	5	0.01
33	1	3	0.02
39	67	9	0.04
17	64	10	0.00
27	19	8	0.01
0	26	1	0.03
45	61	10	0.01
22	23	1	0.03
72	64	1	0.04
31	85	5	0.02
85	51	8	0.01
50	49	5	0.00
21	72	9	0.03
2	36	10	0.02
65	7	2	0.01
59	92	10	0.02
36	29	10	0.01
2	86	4	0.03
60	58	8	0.00
73	60	8	0.02
33	31	2	0.00
16	47	10	0.01
64	73	7	0.02
78	38	10	0.01
40	22	4	0.01
98	56	1	0.00
19	70	7	0.02
83	56	7	0.02
53	98	10	0.02
61	10	9	0.03
22	46	6	0.01
30	47	1	0.00
80	68	3	0.02
86	9	5	0.02
74	49	6	0.01
25	69	7	0.04
89	97	8	0.01
14	28	5	0.02
15	31	1	0.04
26	58	10	0.02
21	99	3	0.01
69	85	5	0.02
74	73	10	0.01
26	35	1	0.04
57	16	3	0.03
63	96	5	0.01
71	61	9	0.03
77	50	4	0.01
11	94	9	0.03
86	50	5	0.01
94	86	1	0.02
95	63	9	0.02
20	99	3	0.02
61	21	7	0.04
95	13	1	0.02
5	21	8	0.02
71	64	2	0.02
34	66	6	0.04
40	89	7	0.03
88	90	5	0.01
10	59	7	0.01
9	41	3	0.02
9	94	5	0.03
53	93	9	0.03
54	95	5	0.03
73	20	8	0.01
41	23	8	0.01
4	77	3	0.01
87	47	2	0.04
95	35	4	0.03
31	99	3	0.01
13	65	6	0.02
37	3	6	0.04
64	68	3	0.02
99	72	8	0.01
71	22	3	0.01
71	70	7	0.01
27	11	2	0.03
33	50	7	0.03
59	66	3	0.01
3	31	1	0.01
89	86	9	0.03
96	19	9	0.02
52	11	8	0.02
39	54	9	0.02
90	47	9	0.04
57	11	7	0.01
90	43	2	0.03
87	21	4	0.03
13	67	2	0.01
63	77	7	0.03
36	62	6	0.03
89	69	9	0.01
71	50	10	0.00
10	21	6	0.01
86	93	4	0.02
8	71	6	0.01
63	38	6	0.02
34	76	2	0.03
13	25	9	0.05
87	73	3	0.04
33	37	3	0.01
36	83	5	0.02
95	8	10	0.03
43	60	8	0.03
10	18	2	0.02
97	65	5	0.03
45	72	1	0.03
63	6	9	0.00
6	83	2	0.02
12	98	6	0.03
74	42	7	0.01
60	56	5	0.01
27	31	8	0.01
50	56	5	0.02
4	54	1	0.04
9	74	9	0.03
35	28	6	0.02
9	82	1	0.02
42	89	5	0.00
38	27	3	0.02
44	24	3	0.04
82	25	4	0.01
62	8	10	0.00
40	98	9	0.01
78	60	10	0.04
13	70	6	0.00
95	34	4	0.02
77	6	6	0.00
98	27	4	0.01
95	54	2	0.02
55	39	8	0.02
29	66	4	0.04
99	94	2	0.04
24	39	8	0.02
4	97	8	0.02
86	87	9	0.01
11	35	2	0.00
60	41	8	0.01
98	5	3	0.01
24	81	4	0.03
30	72	10	0.03
13	68	1	0.00
75	93	3	0.00
77	1	3	0.01
8	69	8	0.00
33	47	7	0.00
79	43	5	0.00
42	17	7	0.04
40	99	6	0.00
43	42	9	0.02
61	36	4	0.01
6	49	3	0.02
43	15	5	0.01
80	33	7	0.05
16	35	7	0.02
74	34	4	0.00
85	80	7	0.04
19	14	9	0.01
17	91	6	0.05
46	44	6	0.03
69	19	1	0.04
63	59	8	0.01
17	3	1	0.01
44	13	7	0.04
62	45	5	0.01
16	18	10	0.03
22	97	8	0.03
63	43	6	0.02
15	59	6	0.02
7	12	9	0.03
95	2	1	0.00
92	60	9	0.01
98	62	8	0.03
73	99	5	0.02
84	2	8	0.03
91	24	4	0.02
32	17	6	0.04
74	68	8	0.03
97	44	2	0.00
32	38	1	0.01
99	62	5	0.02
40	68	8	0.03
44	19	6	0.02
69	38	7	0.01
70	74	5	0.04
80	46	6	0.00
88	63	8	0.00
34	22	8	0.02
5	20	4	0.00
83	55	6	0.02
11	67	9	0.02
50	11	5	0.01
6	12	1	0.01
46	89	8	0.03
29	46	6	0.03
54	64	4	0.01
95	30	2	0.02
95	24	8	0.03
79	36	5	0.03
60	52	7	0.03
97	79	6	0.00
92	76	5	0.03
10	42	6	0.02
74	75	5	0.01
88	70	9	0.04
24	12	4	0.03
56	42	1	0.03
88	51	10	0.04
7	88	9	0.03
5	10	4	0.01
82	64	9	0.03
47	27	7	0.00
95	55	3	0.02
64	51	5	0.02
38	58	2	0.03
76	52	7	0.02
81	47	3	0.03
51	99	1	0.02
55	13	3	0.00
83	8	10	0.01
71	19	4	0.04
61	8	2	0.02
89	88	1	0.01
21	46	8	0.02
66	83	3	0.03
73	93	8	0.00
63	69	3	0.02
77	65	6	0.02
98	17	4	0.01
27	77	4	0.03
9	75	9	0.02
85	56	1	0.02
65	18	5	0.01
77	51	8	0.02
15	29	9	0.02
90	14	1	0.01
36	76	5	0.02
54	50	6	0.02
27	35	6	0.02
19	52	7	0.04
0	13	6	0.04
45	42	6	0.03
64	72	10	0.02
63	90	9	0.04
37	96	6	0.01
15	79	8	0.01
73	85	10	0.03
21	17	4	0.01
70	53	9	0.01
17	40	9	0.01
95	44	3	0.02
22	86	5	0.03
4	23	7	0.03
99	12	8	0.03
5	8	2	0.02
89	14	7	0.01
18	93	5	0.01
85	79	5	0.03
28	22	6	0.03
80	98	9	0.02
47	15	10	0.02
61	33	6	0.02
69	6	6	0.02
68	23	2	0.03
60	53	4	0.00
37	38	2	0.02
79	69	3	0.05
73	52	9	0.03
82	37	7	0.01
42	94	5	0.02
77	73	3	0.01
64	37	5	0.03
92	84	6	0.03
26	91	2	0.03
92	20	4	0.03
85	16	8	0.02
74	51	9	0.01
95	76	4	0.01
54	74	6	0.00
0	2	7	0.04
24	84	3	0.02
46	27	6	0.01
29	53	3	0.02
10	5	5	0.01
23	89	7	0.03
83	54	2	0.01
19	89	2	0.02
0	3	2	0.02
59	21	9	0.04
36	41	7	0.00
43	45	9	0.02
88	2	8	0.04
87	39	10	0.04
57	72	1	0.01
62	82	4	0.04
82	19	1	0.04
52	69	8	0.04
26	61	10	0.04
21	83	8	0.01
37	24	7	0.00
79	3	2	0.04
10	57	9	0.03
69	15	5	0.03
94	95	2	0.02
82	68	10	0.03
17	1	10	0.02
82	45	4	0.02
48	47	2	0.05
50	76	10	0.03
76	10	6	0.01
32	46	4	0.01
39	45	10	0.01
51	80	9	0.02
85	12	6	0.02
81	6	10	0.03
86	32	7	0.03
39	26	6	0.02
87	74	4	0.01
33	66	10	0.02
49	36	9	0.02
43	3	2	0.01
51	33	9	0.00
62	3	9	0.02
76	26	3	0.00
53	43	3	0.03
91	31	4	0.02
42	97	3	0.00
65	51	8	0.02
5	47	2	0.01
30	40	6	0.01
7	5	4	0.02
15	33	5	0.00
93	80	8	0.01
63	46	6	0.03
9	3	1	0.02
44	76	9	0.03
79	91	8	0.01
52	14	8	0.04
29	8	2	0.00
24	28	2	0.01
51	83	10	0.01
63	61	4	0.01
81	88	4	0.01
81	52	2	0.03
18	85	5	0.01
38	98	9	0.04
62	38	8	0.01
49	21	10	0.02
4	80	2	0.02
45	28	5	0.01
37	69	9	0.02
58	61	9	0.01
82	71	8	0.03
11	72	10	0.02
19	6	8	0.03
48	79	6	0.04
96	38	6	0.02
33	88	6	0.03
25	72	8	0.04
85	27	5	0.02
75	70	5	0.04
18	73	7	0.03
87	15	4	0.01
15	64	2	0.02
28	53	5	0.01
16	23	6	0.00
88	34	9	0.01
41	92	6	0.01
81	31	6	0.03
53	33	2	0.01
18	65	3	0.03
16	13	10	0.02
75	3	10	0.01
65	38	9	0.04
35	80	4	0.03
30	96	4	0.01
14	70	5	0.02
62	66	4	0.02
75	79	2	0.03
59	62	1	0.04
52	53	4	0.01
30	62	5	0.01
68	46	10	0.03
20	72	6	0.04
70	71	8	0.02
34	81	2	0.03
0	10	7	0.02
82	20	4	0.00
86	3	1	0.02
52	8	5	0.00
84	21	9	0.03
89	31	2	0.01
71	96	7	0.03
82	14	2	0.01
65	91	1	0.01
46	6	3	0.00
8	32	1	0.01
41	25	6	0.03
51	93	1	0.04
47	23	1	0.02
8	86	6	0.04
70	77	9	0.01
69	52	1	0.02
68	11	6	0.02
76	11	4	0.04
31	94	10	0.04
17	39	8	0.02
12	75	8	0.03
8	51	2	0.03
46	35	4	0.01
27	14	10	0.01
14	24	9	0.01
68	58	2	0.02
40	4	2	0.03
1	15	7	0.00
46	23	5	0.03
12	20	6	0.03
69	4	7	0.02
90	39	2	0.00
43	27	7	0.02
96	75	8	0.05
4	1	1	0.03
54	44	3	0.00
73	1	2	0.03
73	82	3	0.01
10	71	6	0.00
30	86	3	0.03
16	27	8	0.01
42	59	5	0.02
18	96	7	0.02
14	83	4	0.01
49	25	5	0.01
68	42	10	0.02
32	67	8	0.04
8	11	10	0.02
0	86	7	0.02
89	63	6	0.04
90	26	10	0.00
59	65	8	0.01
37	6	10	0.02
4	26	6	0.01
99	92	7	0.02
21	65	8	0.03
6	47	1	0.00
95	66	5	0.02
35	81	1	0.01
92	73	9	0.02
17	28	5	0.02
92	50	1	0.01
15	94	6	0.05
20	24	10	0.03
5	4	1	0.01
92	85	1	0.00
50	45	1	0.01
26	82	7	0.02
73	53	5	0.01
51	75	7	0.00
88	55	8	0.01
34	50	10	0.03
69	77	1	0.02
90	48	6	0.02
52	68	9	0.03
9	78	10	0.00
55	67	10	0.02
65	59	10	0.04
67	58	10	0.02
18	44	1	0.00
10	16	7	0.03
70	11	4	0.03
73	59	3	0.02
7	31	3	0.00
19	55	9	0.03
84	42	3	0.00
98	14	9	0.03
91	68	4	0.02
86	38	8	0.03
26	17	5	0.02
59	12	3	0.00
16	4	6	0.01
15	12	5	0.01
80	49	6	0.06
84	52	7	0.03
75	18	4	0.03
70	41	4	0.01
1	82	6	0.04
74	8	7	0.02
29	75	7	0.02
89	13	7	0.00
73	37	1	0.01
92	71	10	0.03
53	54	3	0.03
73	77	10	0.00
50	22	5	0.01
48	89	7	0.01
6	63	9	0.04
36	11	1	0.00
68	24	6	0.02
96	98	10	0.04
54	79	7	0.02
64	69	4	0.03
69	57	5	0.00
59	72	5	0.03
55	19	1	0.00
35	47	3	0.00
7	72	1	0.02
66	54	3	0.02
29	61	6	0.02
88	44	1	0.03
92	11	9	0.02
70	90	10	0.03
52	82	6	0.03
2	30	6	0.03
71	18	7	0.03
55	97	9	0.00
96	94	9	0.04
25	99	7	0.03
65	32	3	0.01
94	57	2	0.03
7	85	1	0.02
97	5	10	0.03
64	8	1	0.03
47	75	6	0.03
24	26	4	0.00
20	23	7	0.00
97	56	9	0.01
43	58	9	0.02
81	0	5	0.01
53	95	9	0.02
44	92	6	0.00
78	88	1	0.03
2	73	5	0.02
13	89	1	0.01
49	67	9	0.03
61	73	3	0.00
72	8	9	0.02
65	13	3	0.00
92	24	1	0.01
35	84	5	0.01
29	77	9	0.01
11	49	8	0.00
39	50	8	0.02
63	42	6	0.01
58	50	10	0.03
45	60	6	0.04
38	46	5	0.04
71	82	3	0.01
37	18	8	0.03
77	18	2	0.02
78	98	5	0.01
53	71	2	0.03
70	60	3	0.00
54	42	10	0.01
67	14	6	0.04
93	57	6	0.03
89	43	4	0.03
88	68	4	0.03
20	48	2	0.01
57	26	5	0.02
7	77	8	0.03
88	38	3	0.03
61	54	6	0.01
5	53	1	0.01
58	17	10	0.01
89	50	10	0.04
58	86	7	0.03
56	16	6	0.03
61	56	9	0.03
8	7	5	0.01
99	0	5	0.03
22	30	10	0.03
68	30	7	0.02
94	37	5	0.02
57	87	7	0.03
64	41	10	0.02
28	46	5	0.00
69	27	9	0.03
6	67	7	0.04
70	80	5	0.00
14	54	5	0.00
20	64	10	0.02
51	53	1	0.02
76	43	4	0.03
17	87	3	0.00
66	32	2	0.02
84	57	5	0.04
10	7	4	0.02
32	84	5	0.01
71	90	3	0.03
30	13	2	0.03
29	58	2	0.03
95	92	7	0.03
20	25	8	0.02
33	21	2	0.03
61	95	7	0.01
57	99	4	0.03
43	55	9	0.03
72	19	8	0.01
23	0	7	0.00
0	65	4	0.04
80	51	8	0.00
2	70	4	0.02
63	18	10	0.04
68	50	7	0.02
50	46	4	0.04
14	29	9	0.03
1	10	3	0.01
51	61	8	0.04
2	54	6	0.04
10	96	5	0.01
62	20	1	0.02
75	28	2	0.03
98	99	6	0.01
62	95	4	0.02
2	76	8	0.03
18	95	6	0.00
1	74	5	0.01
57	47	1	0.02
42	12	5	0.03
53	41	6	0.04
23	7	8	0.03
51	97	6	0.00
47	92	3	0.02
76	19	4	0.00
88	58	7	0.00
30	11	3	0.01
39	10	3	0.02
40	85	5	0.03
24	30	2	0.02
93	69	2	0.04
66	82	7	0.01
47	25	8	0.01
25	92	6	0.03
34	1	1	0.01
57	97	2	0.02
49	30	7	0.00
63	49	9	0.03
88	5	2	0.03
18	98	7	0.01
59	83	3	0.02
53	47	3	0.01
11	97	3	0.01
57	88	6	0.01
42	21	8	0.02
81	30	2	0.03
47	16	2	0.03
18	24	3	0.00
50	69	3	0.04
31	89	1	0.02
99	65	2	0.04
83	72	9	0.02
92	65	8	0.03
98	63	9	0.00
35	96	6	0.03
17	42	2	0.04
48	62	1	0.02
74	31	9	0.01
6	25	6	0.02
3	41	3	0.02
71	0	1	0.03
21	89	10	0.01
53	99	9	0.03
54	46	5	0.03
24	44	9	0.01
29	59	2	0.03
48	41	8	0.03
71	20	8	0.03
27	73	1	0.01
13	73	6	0.01
88	77	1	0.01
68	26	5	0.00
46	93	8	0.02
0	64	9	0.03
55	37	9	0.03
46	79	3	0.02
24	36	10	0.03
25	63	7	0.02
41	53	6	0.01
21	78	1	0.03
44	40	6	0.02
39	41	10	0.02
62	90	9	0.04
77	88	2	0.01
83	99	7	0.01
77	89	3	0.03
48	80	10	0.04
98	66	7	0.03
63	84	5	0.02
17	50	3	0.04
73	39	1	0.02
48	88	7	0.02
84	93	4	0.01
55	86	3	0.02
91	41	9	0.02
26	83	7	0.05
36	59	7	0.02
65	14	2	0.01
71	34	6	0.02
29	87	4	0.02
27	79	6	0.00
99	50	5	0.02
71	75	8	0.02
68	41	10	0.04
26	45	6	0.02
75	65	6	0.02
43	78	8	0.01
15	68	3	0.01
19	15	9	0.04
19	47	8	0.04
19	12	5	0.00
1	98	4	0.04
66	39	4	0.01
1	87	3	0.03
59	42	2	0.01
61	4	3	0.01
18	87	9	0.02
28	26	5	0.03
53	57	9	0.01
95	17	1	0.02
17	8	7	0.01
78	82	7	0.02
22	52	8	0.02
91	29	2	0.02
73	63	4	0.03
36	32	5	0.01
40	70	3	0.03
28	98	10	0.01
5	51	10	0.04
1	22	9	0.01
44	34	2	0.01
63	70	5	0.00
44	39	3	0.02
59	58	3	0.02
9	24	9	0.03
63	39	5	0.01
15	62	7	0.02
13	0	1	0.04
14	42	10	0.04
28	82	4	0.01
44	38	10	0.03
76	96	5	0.05
51	37	5	0.02
5	43	5	0.04
44	56	10	0.00
89	68	5	0.01
41	28	2	0.01
10	89	8	0.01
31	6	4	0.02
44	97	5	0.01
76	65	3	0.03
37	10	7	0.01
65	52	5	0.03
22	53	1	0.03
13	39	9	0.05
28	72	3	0.02
60	31	2	0.03
40	34	4	0.02
43	75	9	0.02
88	62	4	0.02
90	49	8	0.01
53	50	8	0.00
27	55	8	0.03
46	28	9	0.03
28	93	10	0.02
23	5	10	0.01
69	58	5	0.01
83	49	2	0.01
66	47	5	0.01
93	65	3	0.03
2	71	8	0.03
97	40	6	0.04
46	17	3	0.04
91	90	3	0.00
48	52	8	0.05
19	4	10	0.03
43	65	9	0.03
54	23	2	0.03
67	46	8	0.03
92	21	2	0.01
28	21	1	0.02
92	12	3	0.00
59	20	9	0.04
71	59	3	0.03
91	47	9	0.02
38	47	1	0.05
37	41	10	0.02
91	43	4	0.01
15	18	3	0.02
19	80	3	0.00
34	9	6	0.02
41	7	2	0.01
17	53	3	0.04
94	64	7	0.01
60	5	9	0.02
91	96	5	0.03
60	24	10	0.02
91	9	7	0.02
24	37	2	0.02
6	57	9	0.02
71	27	7	0.02
82	43	4	0.01
14	46	3	0.02
34	99	3	0.00
73	22	4	0.02
87	64	4	0.00
85	37	1	0.04
83	22	8	0.02
85	44	1	0.00
78	76	1	0.01
6	39	4	0.02
57	85	4	0.01
4	73	9	0.03
78	68	9	0.01
81	75	1	0.00
2	7	8	0.03
28	31	9	0.04
98	59	1	0.01
57	38	8	0.02
43	80	10	0.01
87	12	8	0.00
84	33	7	0.02
35	63	2	0.02
18	83	4	0.02
84	78	5	0.03
7	63	9	0.01
1	34	6	0.02
88	27	7	0.02
29	97	3	0.04
81	19	10	0.02
28	23	2	0.03
8	5	4	0.02
38	73	1	0.04
28	35	4	0.03
29	95	8	0.00
2	99	10	0.03
65	22	5	0.03
32	61	1	0.02
86	95	10	0.01
68	64	6	0.02
51	6	6	0.00
33	76	9	0.02
57	52	5	0.04
50	37	7	0.01
58	41	1	0.01
81	40	10	0.04
63	58	8	0.00
37	36	3	0.01
81	24	1	0.02
63	54	4	0.01
97	32	10	0.03
20	0	5	0.02
78	85	2	0.00
93	92	7	0.04
0	56	5	0.01
40	65	10	0.04
48	75	4	0.00
87	30	8	0.01
34	73	3	0.02
54	12	9	0.01
98	48	7	0.04
24	91	7	0.01
73	88	10	0.01
89	54	8	0.03
37	14	10	0.04
10	58	8	0.03
40	83	1	0.01
66	0	8	0.03
27	86	1	0.01
78	74	7	0.02
52	40	3	0.03
95	85	6	0.02
71	58	6	0.02
31	54	9	0.04
84	44	4	0.03
16	75	1	0.03
67	90	8	0.03
43	20	4	0.01
49	85	2	0.02
11	50	3	0.03
38	80	7	0.02
29	48	7	0.02
61	43	1	0.03
28	1	8	0.02
56	5	6	0.01
55	71	2	0.02
83	25	10	0.01
15	37	4	0.00
70	35	4	0.03
17	37	1	0.01
30	90	5	0.03
64	60	1	0.02
7	81	10	0.00
80	38	5	0.02
91	1	10	0.01
18	12	6	0.02
13	42	8	0.02
12	70	8	0.04
5	62	6	0.02
82	52	5	0.02
86	77	4	0.02
43	18	6	0.03
63	72	1	0.00
25	83	9	0.02
11	13	9	0.02
10	38	9	0.03
28	9	9	0.02
86	20	2	0.01
53	49	8	0.03
56	96	3	0.04
86	67	9	0.02
29	44	8	0.04
76	68	8	0.02
3	27	10	0.01
10	28	10	0.00
73	56	8	0.03
20	38	10	0.01
9	36	3	0.02
63	97	4	0.01
32	10	10	0.01
6	32	3	0.04
90	40	9	0.04
37	50	3	0.01
74	22	9	0.03
13	62	4	0.04
63	48	10	0.00
52	59	7	0.05
74	32	1	0.03
59	98	3	0.01
98	26	1	0.01
19	82	9	0.00
52	90	4	0.04
18	2	5	0.02
48	39	5	0.01
16	80	4	0.03
39	81	7	0.02
40	97	5	0.03
96	87	2	0.01
25	75	8	0.02
4	29	1	0.00
89	16	9	0.04
6	38	8	0.01
86	18	10	0.03
47	87	3	0.03
81	68	9	0.03
0	53	6	0.03
47	71	5	0.00
62	47	2	0.03
49	5	4	0.00
71	46	3	0.01
41	40	7	0.01
80	42	2	0.03
95	69	5	0.01
35	89	8	0.02
17	11	7	0.01
61	90	2	0.02
42	86	4	0.03
12	68	1	0.04
39	44	7	0.04
7	54	7	0.02
35	74	7	0.03
54	97	6	0.00
59	19	1	0.03
33	48	9	0.00
96	44	3	0.01
21	76	6	0.01
43	30	3	0.01
55	6	7	0.01
45	58	2	0.03
21	66	8	0.02
24	90	3	0.01
24	20	1	0.01
89	80	4	0.01
51	34	6	0.02
20	10	10	0.01
72	26	3	0.03
23	75	7	0.01
31	41	6	0.01
25	39	3	0.01
90	12	10	0.04
30	32	5	0.00
68	85	6	0.02
51	45	6	0.01
3	62	4	0.02
97	22	7	0.02
90	76	7	0.01
4	88	4	0.02
41	91	5	0.04
47	19	3	0.03
92	41	5	0.02
8	97	8	0.03
8	78	4	0.04
30	88	8	0.03
90	18	8	0.04
11	87	2	0.02
27	70	8	0.01
3	59	2	0.03
97	3	1	0.01
60	37	5	0.01
21	14	9	0.02
92	54	1	0.03
49	9	5	0.01
2	97	5	0.04
26	75	9	0.05
69	3	1	0.00
7	4	7	0.02
49	88	6	0.02
63	85	3	0.01
50	41	2	0.01
65	97	2	0.02
65	44	10	0.02
99	5	3	0.04
43	67	1	0.03
42	85	3	0.01
30	27	3	0.00
70	56	4	0.00
85	38	1	0.04
79	70	8	0.01
91	22	3	0.01
78	16	6	0.01
42	70	7	0.04
3	45	4	0.02
41	21	1	0.01
72	70	9	0.01
83	75	10	0.01
43	93	8	0.02
37	98	9	0.01
59	1	3	0.00
3	37	6	0.03
97	87	9	0.03
57	82	4	0.02
76	21	8	0.02
82	89	5	0.02
87	29	5	0.02
23	25	7	0.03
14	38	4	0.02
76	42	3	0.01
97	38	10	0.04
97	71	8	0.01
15	2	8	0.01
15	76	9	0.00
86	94	2	0.03
33	23	7	0.00
36	96	3	0.03
86	28	6	0.02
84	69	8	0.02
6	92	3	0.02
33	55	9	0.02
84	41	1	0.03
23	66	2	0.02
82	92	5	0.01
80	64	5	0.05
62	15	4	0.02
70	14	4	0.01
79	20	4	0.01
38	21	7	0.04
5	35	3	0.04
30	69	6	0.01
27	68	7	0.01
25	6	6	0.03
25	4	2	0.01
45	46	8	0.04
25	94	6	0.03
91	88	9	0.03
33	35	6	0.01
73	71	9	0.02
41	32	10	0.02
61	68	9	0.01
62	53	4	0.03
84	8	5	0.00
45	47	7	0.03
61	99	7	0.00
51	78	6	0.00
97	84	1	0.01
49	10	3	0.03
65	31	9	0.02
86	42	4	0.02
59	4	8	0.02
41	56	8	0.02
31	52	3	0.00
56	26	5	0.04
21	15	4	0.03
30	19	1	0.03
50	94	7	0.03
40	44	3	0.00
33	10	7	0.04
30	28	5	0.02
67	72	7	0.01
21	13	5	0.03
78	21	8	0.03
69	89	10	0.00
67	82	2	0.01
79	57	9	0.03
42	45	1	0.03
84	3	6	0.00
97	33	6	0.02
2	50	3	0.01
12	38	3	0.01
67	57	7	0.02
97	85	9	0.01
55	47	3	0.02
79	0	10	0.03
65	9	3	0.00
2	89	8	0.01
97	83	6	0.03
79	13	2	0.02
53	10	3	0.03
21	50	6	0.02
63	80	4	0.02
89	8	7	0.02
2	39	2	0.01
41	16	5	0.02
61	47	2	0.02
21	42	6	0.02
97	73	6	0.04
24	56	8	0.04
34	75	8	0.01
58	78	5	0.02
30	83	2	0.02
49	4	1	0.02
27	3	8	0.01
12	69	1	0.01
75	48	7	0.04
46	1	9	0.02
41	74	2	0.03
67	12	10	0.03
86	96	5	0.00
70	73	6	0.02
97	77	9	0.03
30	18	1	0.00
23	63	8	0.03
71	11	2	0.03
8	99	2	0.02
47	55	9	0.00
36	43	7	0.01
41	89	5	0.04
17	20	6	0.02
16	46	5	0.04
60	19	1	0.03
39	61	8	0.02
19	2	1	0.01
51	94	9	0.04
53	15	2	0.02
46	30	8	0.03
9	96	1	0.02
14	21	7	0.03
65	56	7	0.02
94	12	9	0.01
20	3	8	0.04
50	13	3	0.01
88	64	8	0.02
50	48	9	0.00
52	85	3	0.02
44	47	9	0.02
57	91	4	0.03
7	67	5	0.02
83	46	5	0.04
93	62	7	0.04
18	1	9	0.02
46	87	3	0.02
12	36	3	0.01
56	36	10	0.04
56	99	10	0.01
81	41	1	0.01
79	39	7	0.04
22	29	2	0.03
25	27	5	0.00
80	9	7	0.03
82	95	9	0.03
92	5	9	0.02
15	46	1	0.04
64	86	7	0.02
12	72	2	0.00
64	98	9	0.03
29	33	5	0.04
60	61	7	0.03
7	95	4	0.02
32	92	10	0.01
92	95	7	0.01
43	81	1	0.02
82	30	4	0.01
25	66	10	0.03
80	60	3	0.04
55	4	7	0.04
88	41	9	0.04
37	91	6	0.04
90	36	9	0.01
88	28	3	0.00
15	85	5	0.05
33	19	10	0.02
85	10	3	0.00
21	18	4	0.03
96	11	7	0.02
14	12	10	0.04
30	58	3	0.02
55	85	2	0.02
92	8	6	0.02
61	42	6	0.03
57	44	8	0.01
37	97	4	0.00
60	57	1	0.02
23	93	4	0.00
48	71	5	0.05
64	48	4	0.01
80	79	2	0.05
69	39	9	0.01
44	51	7	0.03
62	78	6	0.02
56	13	3	0.02
26	97	6	0.01
46	16	9	0.04
72	50	9	0.03
73	68	10	0.03
82	44	8	0.02
40	12	1	0.02
36	67	8	0.04
7	59	7	0.03
60	23	5	0.02
31	3	4	0.01
29	78	4	0.01
91	78	7	0.02
34	65	9	0.00
70	3	4	0.01
27	43	7	0.04
36	60	8	0.00
21	71	6	0.01
12	17	1	0.03
49	14	3	0.02
48	97	4	0.00
73	65	8	0.02
33	39	2	0.01
20	8	1	0.03
3	99	9	0.02
58	84	10	0.01
55	78	8	0.04
40	25	8	0.03
86	7	4	0.01
21	55	7	0.01
33	72	9	0.03
95	99	3	0.03
11	40	5	0.02
74	59	2	0.02
50	96	7	0.03
80	37	2	0.00
41	12	9	0.02
46	19	7	0.00
95	9	3	0.03
63	93	5	0.01
52	29	7	0.01
76	9	10	0.00
89	99	1	0.02
54	2	7	0.03
78	35	10	0.02
32	48	2	0.04
88	80	1	0.03
21	84	4	0.03
13	11	7	0.04
77	12	8	0.01
87	99	8	0.01
76	28	9	0.04
62	19	10	0.03
88	83	9	0.03
22	81	5	0.00
54	15	3	0.03
35	64	5	0.03
70	36	7	0.02
51	74	5	0.01
14	75	2	0.04
34	77	2	0.03
4	55	1	0.03
35	62	5	0.03
88	99	4	0.00
0	82	7	0.00
78	92	1	0.00
42	71	2	0.03
70	16	6	0.00
62	18	5	0.03
75	0	2	0.02
42	32	4	0.04
41	86	5	0.02
1	0	1	0.02
72	23	8	0.01
10	76	2	0.03
33	34	3	0.01
90	70	4	0.00
82	57	10	0.03
47	31	6	0.03
37	0	6	0.01
80	44	10	0.01
44	33	5	0.00
25	15	5	0.01
91	34	4	0.02
36	98	5	0.03
20	68	4	0.03
34	53	4	0.01
36	80	1	0.03
93	71	7	0.02
70	21	3	0.00
21	56	5	0.01
33	13	8	0.01
80	75	8	0.02
56	0	7	0.01
32	19	6	0.01
98	91	2	0.02
4	38	4	0.02
21	47	6	0.03
75	99	7	0.01
93	22	5	0.03
8	25	1	0.03
99	55	6	0.00
59	38	6	0.01
77	97	2	0.03
16	95	2	0.01
14	82	6	0.03
34	72	8	0.03
18	86	7	0.02
0	5	10	0.01
54	37	6	0.01
96	65	8	0.02
61	9	5	0.03
14	30	8	0.04
76	48	7	0.01
93	42	4	0.02
18	41	10	0.03
85	48	7	0.01
3	39	3	0.02
18	50	10	0.03
44	71	7	0.00
25	21	3	0.02
95	5	6	0.02
13	2	2	0.05
45	48	1	0.03
71	4	7	0.03
24	75	6	0.04
71	2	8	0.04
86	54	6	0.02
21	54	8	0.01
50	20	10	0.02
68	15	3	0.01
27	39	6	0.03
82	87	6	0.02
68	2	1	0.01
22	66	7	0.02
11	31	10	0.00
0	70	10	0.05
69	35	2	0.03
56	12	4	0.04
37	53	8	0.03
62	85	9	0.01
19	64	10	0.02
27	56	6	0.01
68	93	4	0.03
75	95	2	0.00
53	0	8	0.02
41	22	1	0.01
67	47	3	0.03
40	69	5	0.01
17	81	4	0.03
53	31	6	0.04
53	63	4	0.02
86	64	4	0.01
84	17	4	0.02
84	89	2	0.02
35	12	6	0.02
76	20	7	0.00
44	25	6	0.00
91	20	5	0.03
0	60	3	0.00
57	43	5	0.02
34	97	3	0.03
53	61	6	0.01
20	51	4	0.03
94	35	10	0.00
56	65	2	0.03
41	20	2	0.02
13	1	10	0.01
16	44	1	0.04
75	72	4	0.01
82	91	6	0.03
56	98	3	0.00
47	9	9	0.02
16	34	9	0.02
16	57	3	0.02
81	20	6	0.01
59	46	4	0.04
2	79	2	0.00
27	38	2	0.01
40	79	9	0.00
41	59	8	0.03
34	93	6	0.02
14	33	1	0.01
8	12	3	0.03
4	45	6	0.03
55	7	8	0.03
43	41	2	0.02
31	10	1	0.04
92	4	1	0.03
23	95	1	0.02
6	46	3	0.03
14	89	9	0.03
83	31	1	0.01
8	77	4	0.03
11	9	1	0.01
40	58	3	0.01
38	30	6	0.04
42	3	2	0.00
38	81	6	0.01
83	94	4	0.01
67	41	10	0.00
10	9	3	0.01
67	29	2	0.04
66	81	9	0.00
88	9	6	0.04
22	15	3	0.04
13	80	5	0.02
88	91	6	0.03
9	32	8	0.03
65	15	10	0.02
74	4	10	0.01
63	29	3	0.01
88	61	2	0.01
89	11	8	0.00
3	66	10	0.01
47	82	3	0.02
48	6	1	0.02
32	68	8	0.01
81	44	4	0.04
96	4	4	0.04
60	20	9	0.03
47	37	6	0.04
31	47	1	0.01
91	10	1	0.03
44	16	6	0.04
90	44	6	0.01
96	7	3	0.00
73	58	8	0.03
11	92	1	0.01
72	76	1	0.02
36	17	6	0.02
63	65	9	0.03
43	7	2	0.01
65	98	4	0.02
43	12	10	0.02
25	31	6	0.00
76	51	6	0.02
18	66	9	0.03
45	94	10	0.01
76	39	6	0.03
47	59	8	0.04
84	94	2	0.00
33	40	1	0.02
60	48	9	0.01
65	62	3	0.01
94	89	2	0.04
17	67	5	0.04
91	0	9	0.02
9	22	1	0.02
11	43	2	0.01
95	42	1	0.03
97	15	3	0.02
61	98	6	0.03
17	95	7	0.03
64	71	4	0.03
33	12	5	0.00
44	74	5	0.01
57	1	4	0.01
70	24	6	0.02
10	84	5	0.03
16	3	3	0.04
81	57	10	0.01
51	36	7	0.03
24	22	4	0.03
75	15	3	0.01
30	73	7	0.02
66	70	6	0.03
12	0	2	0.04
18	52	6	0.02
16	17	7	0.03
53	73	1	0.01
53	55	7	0.01
95	77	7	0.00
43	5	4	0.01
74	40	2	0.02
82	48	8	0.02
85	70	7	0.03
91	93	4	0.02
16	14	4	0.02
38	57	10	0.02
7	30	2	0.01
30	7	3	0.01
75	53	7	0.02
70	38	2	0.03
86	65	1	0.01
78	49	2	0.03
24	2	1	0.02
13	7	1	0.01
1	36	3	0.01
35	25	1	0.03
62	63	4	0.01
38	60	6	0.00
78	54	2	0.00
67	35	7	0.03
68	55	4	0.02
48	5	4	0.05
67	60	1	0.01
87	38	8	0.02
37	42	9	0.00
50	73	6	0.01
36	72	2	0.04
1	56	5	0.01
76	81	7	0.03
77	71	3	0.02
96	62	6	0.02
22	5	6	0.00
33	65	8	0.01
17	56	1	0.04
94	24	2	0.02
24	48	2	0.02
92	43	4	0.03
14	34	10	0.01
70	95	7	0.03
96	82	9	0.01
81	45	10	0.01
7	93	1	0.01
49	82	10	0.02
47	54	6	0.01
3	20	2	0.04
1	54	4	0.01
62	55	6	0.00
50	0	2	0.00
79	26	6	0.04
75	39	5	0.03
29	67	3	0.00
29	23	1	0.02
64	28	6	0.01
18	90	8	0.02
77	8	6	0.01
22	32	6	0.00
84	80	5	0.03
13	72	6	0.01
32	97	2	0.03
33	0	7	0.03
7	38	6	0.00
42	58	10	0.00
57	90	9	0.02
49	80	9	0.02
51	8	10	0.01
77	86	10	0.04
19	5	10	0.03
96	72	7	0.01
60	28	4	0.03
70	86	7	0.01
29	98	8	0.00
71	8	3	0.03
53	30	6	0.02
51	31	1	0.03
85	43	5	0.03
22	78	7	0.02
11	81	9	0.03
84	20	8	0.03
23	18	4	0.01
45	10	4	0.01
50	5	6	0.02
40	9	4	0.01
87	33	7	0.02
6	96	9	0.00
22	69	6	0.03
14	91	7	0.03
90	24	8	0.01
91	38	5	0.02
51	7	6	0.01
56	46	9	0.02
34	55	5	0.01
1	76	5	0.04
26	9	5	0.02
62	81	6	0.03
2	51	2	0.04
55	15	10	0.03
79	24	9	0.05
40	18	1	0.03
6	1	2	0.01
18	62	10	0.02
20	53	1	0.02
86	48	7	0.02
61	78	6	0.02
7	55	9	0.03
24	54	4	0.03
11	20	4	0.02
40	19	4	0.04
0	44	6	0.01
42	88	7	0.02
37	52	8	0.04
38	51	2	0.00
1	21	3	0.00
81	98	2	0.02
56	95	5	0.04
31	87	10	0.05
68	78	3	0.02
57	79	1	0.00
90	13	5	0.02
7	11	1	0.01
57	95	5	0.00
65	45	3	0.03
81	13	7	0.03
87	37	1	0.02
58	15	6	0.00
86	70	1	0.03
72	71	1	0.03
23	99	6	0.03
53	3	1	0.02
31	42	6	0.03
35	88	10	0.01
82	33	4	0.01
20	40	5	0.01
91	23	4	0.03
34	27	5	0.01
45	22	8	0.04
34	86	2	0.02
95	47	2	0.02
67	73	4	0.04
98	57	3	0.03
59	6	8	0.03
99	39	5	0.03
98	80	3	0.03
39	78	9	0.03
49	3	3	0.02
70	65	5	0.03
5	26	10	0.01
38	77	1	0.00
72	51	9	0.00
86	52	8	0.02
28	88	4	0.01
54	96	7	0.00
56	58	1	0.00
96	1	5	0.05
42	66	7	0.02
28	13	4	0.01
99	78	7	0.00
10	34	4	0.03
84	49	3	0.02
68	33	5	0.04
5	60	7	0.01
44	63	8	0.02
7	57	1	0.01
71	13	9	0.02
51	72	7	0.01
28	12	6	0.01
77	90	2	0.03
61	16	8	0.03
91	17	1	0.00
50	63	8	0.01
52	87	9	0.03
66	38	10	0.02
98	31	8	0.03
5	2	8	0.04
94	27	5	0.03
79	37	2	0.03
4	21	9	0.03
27	23	8	0.01
16	2	9	0.02
49	98	4	0.03
96	85	9	0.00
43	59	4	0.03
72	32	2	0.03
21	68	3	0.01
4	74	5	0.03
7	39	8	0.01
98	90	8	0.02
3	2	5	0.03
6	27	4	0.01
28	77	7	0.01
64	50	2	0.02
99	74	7	0.01
3	89	8	0.02
14	78	2	0.03
69	79	1	0.01
72	4	9	0.03
10	19	9	0.02
56	54	5	0.04
28	79	1	0.00
51	35	3	0.02
90	25	2	0.01
58	66	6	0.02
35	60	7	0.03
36	18	4	0.02
69	26	2	0.02
45	17	6	0.02
82	80	8	0.02
87	22	5	0.04
21	0	2	0.03
41	72	8	0.04
40	63	1	0.00
77	78	9	0.02
33	36	3	0.01
22	6	3	0.00
44	59	9	0.01
23	61	9	0.02
50	78	6	0.01
67	54	9	0.00
75	80	1	0.04
16	28	6	0.03
63	52	10	0.02
12	65	4	0.03
57	14	3	0.03
2	44	10	0.04
15	88	8	0.01
9	63	2	0.00
13	87	6	0.02
31	9	8	0.01
77	13	9	0.02
25	16	10	0.01
74	66	9	0.03
23	78	10	0.03
45	59	10	0.04
66	12	9	0.04
6	86	10	0.01
87	56	9	0.00
56	82	6	0.00
5	29	3	0.04
86	74	7	0.03
5	13	2	0.01
72	69	5	0.01
95	16	10	0.01
54	94	4	0.02
17	97	10	0.00
60	49	9	0.01
27	63	9	0.02
33	68	1	0.02
47	30	4	0.02
39	91	5	0.02
87	79	3	0.00
7	53	10	0.03
94	97	1	0.00
92	64	5	0.02
78	36	1	0.01
89	35	9	0.03
30	9	3	0.02
22	62	1	0.01
18	37	7	0.03
5	6	10	0.01
21	86	2	0.02
7	49	5	0.01
27	80	6	0.03
88	57	4	0.03
20	45	7	0.04
59	25	10	0.04
99	59	9	0.04
38	20	5	0.04
53	56	9	0.04
87	93	10	0.04
62	4	10	0.00
15	36	5	0.01
40	13	8	0.02
89	5	6	0.03
36	27	6	0.01
3	22	9	0.01
35	2	8	0.01
83	84	6	0.03
57	51	8	0.01
46	96	2	0.03
43	8	7	0.02
8	72	7	0.02
40	5	10	0.02
17	94	8	0.04
18	91	4	0.02
12	82	3	0.00
39	22	1	0.01
95	26	9	0.01
96	0	5	0.04
92	31	7	0.01
4	52	7	0.01
77	68	10	0.01
18	6	3	0.03
43	21	1	0.02
59	7	9	0.02
40	80	10	0.03
37	49	7	0.02
67	16	10	0.01
87	85	4	0.03
61	91	9	0.01
80	23	2	0.02
84	66	7	0.02
44	62	10	0.03
21	27	10	0.01
61	85	6	0.00
81	61	4	0.02
82	75	1	0.02
23	68	2	0.02
24	32	5	0.02
34	31	6	0.02
84	67	10	0.02
86	12	6	0.01
27	47	2	0.02
61	92	7	0.03
51	91	3	0.01
5	12	4	0.04
21	32	6	0.02
43	39	9	0.01
63	71	7	0.02
97	2	3	0.02
0	74	6	0.00
38	22	8	0.03
78	20	5	0.03
44	52	10	0.00
71	98	7	0.04
30	67	5	0.02
57	49	9	0.02
29	16	6	0.01
98	76	8	0.03
46	68	8	0.01
59	2	5	0.04
65	69	4	0.04
1	38	7	0.04
75	31	5	0.01
65	86	7	0.02
6	77	6	0.03
40	31	1	0.00
70	89	2	0.01
27	37	3	0.03
48	90	1	0.03
4	85	5	0.01
19	68	9	0.01
67	32	4	0.02
4	63	5	0.01
36	79	3	0.01
28	4	1	0.01
84	28	3	0.02
81	34	10	0.03
18	53	8	0.02
91	40	6	0.00
22	67	9	0.00
16	88	3	0.03
96	27	1	0.02
1	30	6	0.01
82	1	2	0.04
51	98	5	0.03
44	68	4	0.03
18	54	5	0.02
85	58	8	0.01
17	77	2	0.01
31	0	3	0.05
86	82	2	0.02
33	44	4	0.02
9	89	4	0.01
25	23	7	0.04
96	60	1	0.02
66	25	7	0.01
27	16	10	0.02
3	40	10	0.00
66	23	7	0.02
79	27	10	0.00
63	75	4	0.00
4	90	2	0.02
7	73	1	0.00
53	60	5	0.00
81	15	5	0.00
88	24	3	0.01
84	46	7	0.03
77	63	10	0.02
53	1	5	0.02
66	55	6	0.04
69	83	1	0.03
36	78	7	0.04
40	60	6	0.01
79	73	2	0.04
52	43	8	0.02
27	40	8	0.00
1	53	1	0.02
10	39	5	0.03
43	91	2	0.00
50	74	2	0.04
48	56	9	0.01
47	50	4	0.00
82	96	10	0.02
30	98	4	0.02
36	21	1	0.04
1	35	10	0.04
1	24	8	0.00
27	83	9	0.03
70	57	7	0.04
10	4	9	0.03
47	88	8	0.01
51	16	8	0.01
39	35	7	0.00
0	27	5	0.00
43	49	2	0.01
96	80	9	0.01
74	28	2	0.03
58	20	4	0.01
44	10	6	0.02
85	94	7	0.00
7	62	4	0.01
54	9	9	0.02
91	87	6	0.02
3	81	8	0.02
51	3	1	0.03
78	70	10	0.01
82	93	7	0.01
89	18	7	0.02
14	96	8	0.04
52	22	1	0.04
41	17	3	0.01
12	96	3	0.04
69	65	1	0.01
70	46	6	0.03
32	56	4	0.00
66	78	8	0.02
19	21	4	0.03
7	76	6	0.01
3	92	6	0.03
88	56	7	0.01
20	42	7	0.01
26	7	6	0.05
24	72	7	0.01
46	42	7	0.02
75	24	5	0.02
66	97	9	0.00
55	26	5	0.02
79	35	3	0.01
0	29	2	0.02
78	31	6	0.03
13	29	10	0.04
91	37	3	0.01
6	26	3	0.01
79	56	3	0.03
32	12	3	0.04
51	64	8	0.00
84	55	1	0.01
6	74	1	0.01
57	15	4	0.03
34	26	5	0.02
16	12	4	0.02
72	34	1	0.00
19	44	1	0.02
78	75	1	0.03
34	38	4	0.03
9	31	8	0.02
66	8	5	0.03
43	34	2	0.01
89	71	2	0.03
81	29	9	0.03
18	27	10	0.02
73	29	5	0.03
76	41	1	0.00
78	37	3	0.01
70	48	9	0.00
24	0	6	0.01
38	63	9	0.04
44	7	6	0.00
83	51	2	0.02
78	34	9	0.02
84	4	6	0.02
99	48	7	0.03
56	75	6	0.04
2	41	8	0.01
55	73	4	0.01
0	61	4	0.05
40	38	5	0.04
69	12	5	0.01
71	10	5	0.02
55	33	6	0.02
92	82	7	0.02
62	28	9	0.00
73	81	9	0.00
24	9	2	0.01
68	94	7	0.02
54	85	3	0.02
6	85	6	0.01
78	87	5	0.02
90	37	9	0.05
88	21	1	0.03
43	63	2	0.02
51	19	9	0.04
36	48	2	0.01
62	22	10	0.03
65	72	4	0.02
97	45	9	0.01
93	2	2	0.00
39	83	10	0.01
19	13	1	0.04
2	16	6	0.00
65	1	10	0.04
55	75	2	0.03
39	84	9	0.04
90	83	2	0.01
56	77	10	0.02
29	51	4	0.00
5	45	5	0.02
91	94	8	0.03
78	47	3	0.02
75	59	9	0.03
16	58	6	0.04
40	62	3	0.02
37	72	2	0.00
55	87	7	0.02
94	7	5	0.01
99	19	2	0.04
23	74	2	0.03
59	40	7	0.03
62	21	3	0.00
28	90	5	0.03
50	6	5	0.04
20	79	8	0.00
66	88	5	0.04
2	24	7	0.02
1	62	2	0.00
10	61	5	0.03
56	57	4	0.04
53	67	5	0.02
50	59	6	0.03
78	51	4	0.00
44	26	8	0.04
89	67	6	0.02
98	11	10	0.02
99	31	9	0.03
54	27	1	0.00
6	31	9	0.01
16	90	4	0.01
59	56	8	0.02
42	43	2	0.04
10	44	2	0.01
51	32	1	0.01
15	70	6	0.04
28	80	4	0.03
15	96	1	0.02
60	59	6	0.01
19	29	10	0.01
22	8	7	0.02
83	45	8	0.03
62	2	7	0.01
30	64	7	0.02
19	25	1	0.04
75	14	2	0.03
65	78	4	0.04
7	64	2	0.02
6	80	4	0.00
72	0	6	0.02
87	23	2	0.02
80	18	3	0.02
95	83	5	0.01
43	46	7	0.01
82	17	2	0.01
72	95	1	0.04
71	52	1	0.00
46	34	7	0.02
67	44	5	0.01
15	42	8	0.01
90	17	2	0.01
90	81	9	0.04
24	94	1	0.03
17	26	2	0.01
22	43	4	0.01
3	51	2	0.00
60	8	10	0.01
43	47	1	0.02
46	9	4	0.02
29	21	10	0.01
13	19	4	0.02
36	37	8	0.00
80	34	5	0.00
51	28	6	0.02
38	76	10	0.00
20	44	4	0.01
99	3	5	0.03
52	83	7	0.03
7	66	7	0.01
52	86	6	0.03
66	49	5	0.03
7	22	3	0.03
96	33	4	0.02
65	3	4	0.04
59	80	10	0.01
26	95	9	0.03
14	45	3	0.03
35	93	4	0.03
40	50	6	0.01
60	73	1	0.03
63	51	6	0.01
87	10	2	0.04
36	66	5	0.03
49	96	3	0.03
41	71	1	0.03
73	15	9	0.00
79	2	2	0.04
91	75	9	0.02
92	61	9	0.02
69	64	3	0.03
76	2	3	0.03
58	64	4	0.01
90	87	6	0.00
96	40	4	0.02
73	51	8	0.01
91	4	6	0.00
20	1	2	0.04
46	52	4	0.04
7	89	3	0.01
20	4	10	0.03
15	77	10	0.01
9	50	1	0.02
74	15	3	0.02
31	4	10	0.03
65	0	3	0.03
46	12	2	0.00
73	97	7	0.03
6	60	3	0.01
81	1	7	0.01
33	58	8	0.02
94	15	4	0.02
19	3	8	0.03
81	56	9	0.03
92	35	6	0.02
79	85	10	0.00
48	32	10	0.03
67	11	1	0.03
87	49	2	0.04
86	29	5	0.01
93	48	9	0.04
22	0	10	0.03
48	26	7	0.03
23	48	4	0.01
13	12	4	0.01
89	64	9	0.01
97	54	6	0.01
8	79	4	0.00
76	33	9	0.01
95	91	8	0.00
67	86	4	0.01
41	87	3	0.05
66	42	8	0.00
10	88	8	0.03
77	80	10	0.03
64	93	7	0.02
29	26	10	0.02
80	17	4	0.05
64	36	10	0.02
53	2	3	0.03
96	54	9	0.02
64	70	7	0.04
53	66	5	0.02
75	89	10	0.02
83	73	6	0.03
73	89	7	0.02
29	10	8	0.01
87	31	5	0.00
94	11	6	0.01
21	98	8	0.01
12	99	6	0.01
19	93	3	0.01
87	43	10	0.00
26	0	10	0.01
53	78	8	0.02
58	19	2	0.01
25	98	2	0.01
7	16	3	0.01
14	88	2	0.03
74	62	8	0.00
44	1	7	0.03
68	88	6	0.01
86	37	8	0.03
47	72	6	0.04
25	64	5	0.04
13	16	7	0.01
24	46	4	0.02
60	44	2	0.00
11	58	6	0.04
78	71	4	0.02
22	11	6	0.03
93	41	3	0.02
8	40	3	0.04
52	19	1	0.01
23	6	3	0.03
60	90	8	0.03
55	58	4	0.04
33	24	1	0.02
44	2	2	0.03
27	87	4	0.02
66	79	6	0.01
88	42	2	0.04
39	79	6	0.03
14	41	10	0.02
92	48	3	0.02
7	96	4	0.03
59	88	3	0.02
24	70	4	0.03
41	66	9	0.01
5	42	8	0.02
0	31	4	0.04
50	15	9	0.04
22	75	5	0.01
43	9	2	0.01
43	29	8	0.01
9	23	8	0.02
71	68	8	0.02
17	70	5	0.02
63	15	1	0.03
64	11	1	0.04
42	90	7	0.03
63	81	2	0.02
62	67	10	0.00
35	77	7	0.01
12	97	6	0.04
23	34	4	0.01
51	96	7	0.00
29	56	10	0.01
51	90	10	0.02
33	62	9	0.04
26	16	3	0.01
64	55	8	0.03
93	77	6	0.02
25	73	1	0.02
31	80	10	0.01
32	42	10	0.02
47	79	7	0.02
43	11	8	0.02
33	42	7	0.01
49	83	6	0.03
10	41	10	0.02
9	8	9	0.01
21	23	4	0.02
11	4	4	0.04
23	55	6	0.04
95	0	8	0.02
78	10	9	0.01
80	15	2	0.04
52	71	4	0.04
47	8	8	0.04
11	14	7	0.03
21	75	1	0.01
9	10	3	0.02
46	14	9	0.03
69	90	4	0.03
71	95	4	0.01
82	84	2	0.03
6	79	7	0.01
82	56	2	0.00
33	18	6	0.02
16	43	2	0.01
10	83	6	0.02
4	14	2	0.01
69	71	1	0.04
12	94	10	0.03
51	57	10	0.01
28	51	8	0.03
96	78	9	0.03
81	7	2	0.03
30	35	6	0.02
48	87	9	0.03
77	81	4	0.01
85	97	7	0.01
25	96	10	0.00
2	1	7	0.04
68	35	8	0.01
31	81	8	0.05
95	37	9	0.02
84	51	5	0.02
25	43	8	0.01
98	0	10	0.02
96	51	7	0.01
33	9	1	0.01
88	73	3	0.04
53	48	7	0.02
50	93	8	0.02
61	41	8	0.02
88	11	8	0.01
1	42	8	0.01
60	46	8	0.03
25	19	7	0.04
98	15	10	0.01
72	60	1	0.01
6	28	2	0.01
42	35	4	0.00
46	25	10	0.03
72	93	5	0.03
3	77	2	0.01
91	64	6	0.02
31	22	2	0.01
74	16	8	0.02
41	8	7	0.01
65	94	9	0.01
16	61	10	0.03
6	75	6	0.03
49	13	4	0.03
55	9	5	0.04
5	44	6	0.03
28	19	6	0.00
73	83	10	0.02
77	98	3	0.02
29	92	8	0.03
22	82	5	0.03
98	71	3	0.01
62	73	1	0.03
31	62	9	0.02
26	96	5	0.00
96	43	8	0.01
59	17	1	0.02
35	49	8	0.02
37	68	4	0.01
90	98	6	0.01
35	53	7	0.03
33	96	1	0.01
7	19	3	0.02
50	39	10	0.03
11	3	7	0.04
21	51	1	0.02
84	5	1	0.02
9	37	7	0.02
63	99	8	0.04
99	16	1	0.01
62	36	4	0.04
94	55	5	0.01
49	76	6	0.03
69	93	10	0.01
0	9	1	0.02
11	53	10	0.01
51	65	4	0.01
35	19	2	0.02
66	84	3	0.02
34	15	9	0.02
76	85	3	0.01
85	76	3	0.00
52	4	5	0.04
92	28	8	0.02
5	50	8	0.04
91	3	9	0.00
73	61	9	0.01
51	77	3	0.02
47	51	3	0.03
36	34	5	0.03
65	70	2	0.04
12	93	8	0.02
36	99	9	0.02
39	66	6	0.05
68	99	7	0.01
99	26	8	0.04
32	33	2	0.00
52	73	9	0.00
49	1	10	0.03
75	52	1	0.02
21	7	2	0.01
11	17	5	0.02
66	7	1	0.03
33	98	1	0.01
3	83	10	0.01
96	84	9	0.03
64	58	6	0.02
45	78	3	0.04
18	34	3	0.02
36	53	5	0.03
79	82	1	0.02
71	79	9	0.03
29	86	10	0.02
99	29	6	0.03
12	81	4	0.02
95	67	4	0.01
95	64	5	0.02
5	17	1	0.03
25	74	3	0.03
42	24	2	0.04
32	5	6	0.00
46	63	2	0.02
32	57	7	0.04
9	70	9	0.03
18	36	2	0.01
54	32	10	0.03
82	78	9	0.01
57	18	6	0.02
6	13	6	0.00
20	98	6	0.03
38	74	5	0.00
56	29	3	0.03
28	32	7	0.01
89	79	9	0.01
9	26	3	0.01
5	40	2	0.02
72	78	4	0.02
62	5	8	0.00
86	15	7	0.02
68	61	4	0.02
58	33	1	0.03
68	49	2	0.04
31	37	3	0.00
63	55	1	0.01
12	5	9	0.04
4	96	7	0.00
88	98	4	0.02
23	54	6	0.02
88	12	4	0.04
29	90	10	0.02
94	10	6	0.02
12	32	2	0.01
67	48	1	0.01
8	53	5	0.03
26	64	2	0.03
24	78	9	0.03
90	99	3	0.02
61	40	1	0.02
39	29	9	0.04
47	35	9	0.01
45	35	6	0.01
59	68	2	0.00
94	54	2	0.04
22	20	1	0.01
68	81	10	0.01
19	62	6	0.04
32	99	6	0.01
66	50	9	0.04
61	96	1	0.03
56	23	9	0.00
10	94	10	0.02
64	38	3	0.03
26	84	5	0.01
50	40	4	0.01
2	38	1	0.03
65	10	2	0.04
96	16	7	0.03
71	17	6	0.03
77	56	4	0.02
49	72	5	0.00
54	93	4	0.02
28	57	5	0.01
70	94	5	0.01
11	96	5	0.03
21	48	10	0.01
78	86	9	0.04
97	60	9	0.02
48	76	5	0.02
27	52	2	0.01
40	77	2	0.01
91	35	2	0.00
82	23	6	0.00
53	23	3	0.01
15	43	6	0.02
85	54	6	0.02
72	99	3	0.02
22	50	9	0.03
82	70	1	0.03
6	2	7	0.00
26	94	9	0.03
27	18	7	0.02
19	76	3	0.04
5	71	3	0.03
35	73	9	0.02
64	95	9	0.03
5	52	8	0.02
72	83	7	0.03
48	12	6	0.02
54	11	2	0.02
72	7	3	0.03
19	87	2	0.01
37	88	2	0.02
99	56	1	0.03
80	84	5	0.00
6	93	10	0.03
32	90	6	0.04
10	8	8	0.01
64	65	6	0.01
48	17	1	0.03
35	40	6	0.03
27	10	10	0.02
58	80	5	0.01
56	32	7	0.04
55	18	1	0.01
97	35	7	0.04
33	73	2	0.00
14	39	3	0.03
98	61	8	0.03
73	42	2	0.02
28	60	7	0.00
69	22	2	0.01
69	31	1	0.01
40	64	3	0.02
54	33	10	0.02
35	33	1	0.00
85	91	2	0.03
7	98	9	0.01
84	58	8	0.02
98	40	2	0.03
45	31	5	0.01
88	52	3	0.01
1	89	9	0.02
94	21	1	0.02
46	72	3	0.01
3	46	6	0.03
73	40	4	0.02
2	53	3	0.03
66	58	8	0.01
85	15	8	0.00
47	56	4	0.03
17	10	5	0.02
76	36	4	0.04
68	51	6	0.00
92	75	9	0.03
78	17	5	0.04
6	88	9	0.00
17	69	5	0.02
73	94	6	0.01
65	23	4	0.01
67	18	8	0.02
34	5	6	0.04
50	27	5	0.00
18	64	10	0.01
22	88	10	0.03
54	17	8	0.03
90	74	10	0.04
30	6	1	0.02
2	57	1	0.03
74	89	7	0.03
59	31	10	0.00
83	7	3	0.02
35	56	1	0.02
53	17	3	0.04
98	74	2	0.00
41	1	6	0.01
92	68	10	0.00
16	79	5	0.02
72	3	5	0.03
75	50	1	0.02
62	31	5	0.01
43	22	1	0.02
52	91	7	0.02
5	46	6	0.04
22	56	10	0.02
10	27	3	0.01
69	91	10	0.03
65	25	5	0.01
71	24	7	0.03
38	83	8	0.01
13	91	8	0.02
86	26	4	0.01
79	50	2	0.00
97	92	9	0.02
52	55	1	0.04
27	4	7	0.02
76	97	8	0.02
44	41	5	0.01
22	80	4	0.02
7	92	10	0.03
93	79	1	0.00
62	26	8	0.03
76	71	10	0.03
14	37	5	0.03
91	51	10	0.01
36	40	6	0.00
78	57	7	0.04
81	63	10	0.03
82	62	8	0.02
12	73	9	0.03
13	61	1	0.03
21	33	9	0.00
4	99	8	0.04
9	25	8	0.03
18	8	8	0.01
60	51	2	0.01
77	7	7	0.03
11	98	5	0.03
61	25	3	0.03
22	77	1	0.03
38	18	2	0.03
45	50	3	0.01
5	70	10	0.02
51	42	1	0.01
20	95	10	0.03
16	77	3	0.02
60	55	1	0.01
8	35	10	0.00
39	77	1	0.04
30	95	8	0.02
68	98	10	0.03
97	52	5	0.01
19	28	4	0.01
9	51	2	0.02
45	97	10	0.01
46	38	9	0.04
90	15	10	0.04
37	43	2	0.01
0	52	6	0.03
34	21	3	0.01
21	87	9	0.01
63	73	4	0.01
67	74	2	0.03
86	35	4	0.03
69	84	10	0.03
18	21	8	0.01
98	22	10	0.03
7	78	3	0.02
62	12	1	0.00
2	28	7	0.02
19	46	5	0.03
62	74	2	0.02
22	40	9	0.02
51	50	10	0.02
43	95	8	0.01
49	44	3	0.03
24	68	8	0.01
45	14	4	0.01
8	59	8	0.02
47	91	1	0.00
34	87	10	0.02
88	10	7	0.03
87	46	10	0.02
22	55	9	0.01
34	82	2	0.00
76	95	10	0.00
93	17	2	0.04
8	92	4	0.03
86	73	6	0.02
94	36	9	0.03
9	47	8	0.02
25	46	1	0.02
9	27	1	0.01
6	56	6	0.02
54	58	7	0.02
63	64	7	0.00
48	64	9	0.03
71	29	9	0.03
73	44	8	0.03
9	1	7	0.03
6	72	8	0.03
12	33	2	0.01
71	55	4	0.00
21	41	5	0.02
74	84	10	0.00
80	67	3	0.06
27	88	8	0.00
21	6	1	0.01
83	28	1	0.03
78	99	4	0.01
73	31	2	0.01
8	95	4	0.01
12	78	1	0.00
72	17	6	0.02
46	7	5	0.01
72	87	1	0.04
86	2	4	0.02
87	11	2	0.02
50	21	2	0.01
32	11	6	0.01
45	96	8	0.01
38	87	4	0.02
51	5	3	0.02
33	27	10	0.02
11	41	9	0.03
18	75	4	0.01
53	62	6	0.01
35	22	1	0.01
29	57	9	0.01
37	19	4	0.02
42	67	2	0.02
8	34	9	0.01
46	74	5	0.03
15	87	6	0.02
98	7	7	0.03
29	76	9	0.02
48	46	8	0.02
82	53	10	0.00
11	99	3	0.01
87	61	9	0.01
77	70	8	0.01
28	48	6	0.02
83	71	6	0.02
15	25	5	0.03
65	48	7	0.01
34	59	6	0.02
99	20	1	0.03
64	4	10	0.02
66	37	1	0.01
78	30	1	0.01
72	92	4	0.00
94	45	2	0.01
29	42	8	0.01
47	97	10	0.03
27	89	1	0.03
25	26	5	0.00
75	32	10	0.01
52	65	5	0.02
50	9	7	0.00
81	27	4	0.03
16	92	7	0.00
9	95	8	0.03
30	55	9	0.02
64	77	7	0.02
31	46	10	0.01
11	25	3	0.01
12	4	3	0.01
69	5	4	0.02
45	15	4	0.00
18	4	8	0.00
19	94	6	0.03
55	53	1	0.04
45	16	9	0.02
93	0	1	0.01
10	20	5	0.03
54	20	8	0.01
43	92	2	0.03
63	13	1	0.00
26	85	5	0.04
84	86	9	0.02
15	44	5	0.00
47	29	5	0.02
21	28	5	0.01
83	88	3	0.02
6	91	1	0.01
64	10	1	0.03
37	82	2	0.02
79	54	7	0.04
1	52	1	0.03
15	48	3	0.03
10	56	7	0.03
8	65	6	0.01
2	82	2	0.00
1	96	9	0.01
45	52	4	0.03
92	93	6	0.03
73	86	7	0.03
36	2	9	0.03
79	22	5	0.03
84	31	3	0.01
48	31	7	0.00
36	16	9	0.04
79	14	4	0.03
36	86	9	0.00
4 3 5 10 8 
